-1.31204  3.08057 0.704067	-1.16707  3.02611 0.677222
  0.322771    2.49316 0.00960517	 0.360401   2.47293 0.0179727
-0.683305   6.57093    1.5693	-0.837456   6.49956   1.58856
-3.73626 -2.08632 0.177238	-3.17085 -1.72545 0.196439
 -2.65763   2.30982 0.0695629	-2.32951  2.30454 0.081396
  1.1729  6.00259 0.436448	 1.07063  5.93487 0.428673
-1.14423  1.37508 0.184888	 -0.9769  1.40779 0.191801
 -0.87675   9.76701 0.0580995	 -1.19187   9.86054 0.0465105
-1.83172  0.59836 0.812079	-1.58012 0.685569 0.784935
0.0678718   7.91655   1.68288	-0.115154   7.89227   1.70089
-0.442269   1.39201   1.46595	-0.326063    1.4229    1.4164
-1.59564  5.11386  1.01352	-1.69975  4.99156  1.02543
-1.56051  2.55726  1.64035	-1.40649  2.51875  1.57472
-1.60995  6.29963 0.339398	-1.92789  6.28022 0.359843
-1.21655  9.07365  1.64455	-1.51619  9.13022  1.69422
-0.000885725      4.89357      1.77096	-0.0506271    4.80152    1.75102
0.448955  6.38873 0.970306	0.330039  6.31881 0.968208
-1.84082  2.75637 0.152297	-1.62105  2.72159 0.155946
-0.935486   1.35842  0.196691	-0.783871   1.39145  0.202875
0.53784 7.01612 1.76875	0.400719  6.96216  1.77246
-2.3343   5.521 1.87933	-2.4559 5.38711 1.89976
-1.90922  4.79567  1.32536	-1.89579  4.65136  1.30357
-2.84412  4.86267  1.48963	-2.76078  4.68917   1.4511
  -3.0536 -0.278103  0.463205	  -2.6402 -0.103491  0.456007
-0.368562   9.93192   1.09224	-0.657766   10.0308    1.1144
-1.24862  8.92836 0.579932	-1.55347  8.98129 0.592292
-1.15207  3.73357  1.48341	-1.07809  3.64128  1.43537
0.164075  8.04694 0.291541	-0.0265015    8.02548   0.286162
-0.471569   6.27379  0.467024	-0.630304   6.20902   0.47363
-1.29497  6.53026  1.52471	-1.48565    6.462  1.55865
-1.2315  3.6975  1.5077	-1.14914  3.60561  1.45701
-1.86212  4.89832 0.861132	-1.87753  4.75477 0.854421
 -2.55093   6.47119 0.0967245	-3.13736  6.53287 0.110492
-0.80974  7.78737  1.94815	-1.02049  7.76098   1.9855
-1.21101  5.65441 0.721801	-1.42367  5.58405 0.750418
-1.11587   3.4322 0.791012	-0.998978   3.36101  0.760183
-2.76805 -1.06548 0.868836	 -2.36098 -0.830626  0.834727
-1.50183 0.108613  1.11978	-1.26168 0.228379  1.07666
0.142449  6.00724  1.37143	0.0362963   5.92736   1.37079
-2.30734  3.37303  1.66489	-2.10558  3.28409  1.58526
-1.44182  4.48406 0.767532	 -1.3379  4.35151 0.736267
 -3.23479 -0.698266  0.181944	 -2.78548 -0.484496  0.196615
-1.96969  6.38631 0.348952	-2.36872  6.39234 0.375887
-3.43923 -1.49857 0.209492	-2.93527 -1.20585 0.224325
 0.75676  2.98442 0.766661	0.761881  2.95217 0.750609
-0.80112  2.84645 0.689717	-0.702963   2.80371  0.669318
0.0113606   3.52028  0.666388	0.0350682   3.45812  0.649862
-1.36632 0.149869   1.7961	-1.14031 0.263641  1.71742
-2.49738  6.44802 0.323117	-3.05077   6.4976 0.358009
0.0915158   3.45143   1.86343	0.104862  3.39225  1.81898
-2.99474  1.98334 0.175001	-2.6178 2.00255 0.18037
 0.440624   5.17913 0.0933108	 0.350018   5.10209 0.0927355
-0.913443   8.13917  0.177762	-1.16208  8.13867 0.175437
-3.13467  1.80865  1.79316	-2.78519  1.82016  1.69095
-2.19704  3.13151 0.684929	-1.93321  3.07416 0.649228
-1.68097  1.68026  1.01471	-1.47929  1.69586 0.976149
  -2.86114 -0.0781387  0.0743878	 -2.47653 0.0765511 0.0946284
-3.77951 -2.53583  1.55506	-3.19674 -2.13374  1.46016
 0.438719   6.99782 0.0131466	  0.294141    6.93865 0.00585826
-0.432329   1.88291   1.67407	-0.334685   1.88612   1.61866
 -3.18229 -0.527518   0.98428	 -2.74923 -0.332891  0.939542
-0.102462   8.19914   1.06774	-0.305808   8.18817   1.07927
-0.468645   9.96093   1.51551	-0.763174    10.065     1.554
-1.36676  4.86755  1.38139	-1.39678  4.74007  1.36887
-0.164145   5.59301  0.745047	-0.275779   5.51076  0.750422
-0.889533    3.7049  0.383654	-0.773331   3.62762  0.369416
-1.93741  3.77625  1.00245	 -1.7361  3.67572 0.949018
-2.04185   3.2415   1.9309	-1.87975  3.15932  1.85014
-3.83299 -1.84903  1.90434	-3.27516 -1.52087    1.783
-1.31855  8.45371 0.140265	-1.61171  8.48141  0.13786
0.71696 5.98006 1.26595	0.617254  5.90725  1.25844
 -2.9733 0.125263 0.941928	-2.58355 0.265349 0.900093
-0.862394   3.13651  0.106664	-0.753973   3.08381  0.110928
-0.412783   6.64927   1.80002	-0.555905   6.57831   1.81502
-1.07643  8.59514 0.636946	-1.35435  8.62455 0.649853
-0.208975   2.27761   1.10881	-0.136653   2.26323   1.07713
 -2.67271 -0.831674  0.134069	  -2.2836 -0.618196  0.152029
0.543283  7.01877   1.6304	0.405704  6.96454  1.63322
0.268018  9.04459  1.66478	0.0540634   9.05814   1.68362
1.29976 6.11083 1.33623	1.19673 6.04894 1.32433
0.530477  2.50627  1.68562	0.560328  2.49048  1.64067
 0.31286  8.91587 0.743232	0.101285  8.92222 0.744408
-0.358672   1.18551   1.48467	-0.242833   1.22535   1.43556
 1.1637 3.09098 0.04023	  1.15131   3.06113 0.0431384
 1.38236  3.42996 0.112917	  1.3541  3.39384 0.112505
0.947942  4.77919  1.72994	0.890813   4.7118  1.70546
0.409636  9.21737  1.07944	0.193122  9.23375  1.08675
0.0131726   1.57754  0.554051	0.0942841   1.59678  0.543862
-0.12049  1.17185  1.04783	-0.0202209    1.21023     1.0184
 1.38052  6.59159 0.431961	 1.26012  6.53455 0.424257
 1.19733  6.76293 0.123612	 1.06994  6.70578 0.116567
0.807092   2.4654 0.732419	0.826091  2.45359 0.716559
 -1.08128 0.0993681  0.153689	-0.887669  0.199373  0.164311
 -1.53317 -0.432456 0.0506119	 -1.28924  -0.29532 0.0688569
-0.366193   1.02502  0.424703	-0.247581   1.07055  0.420344
-2.92488  -2.3625  1.92362	-2.49124 -2.05701  1.82339
 -1.37008 -0.252556  0.551642	 -1.14383 -0.128126   0.54257
0.597985  1.90091 0.552333	0.639836  1.90761 0.542425
1.41389 6.79699 1.00618	    1.29  6.74325 0.997821
0.655984     1.92 0.963149	0.695829  1.92743 0.939948
0.662093    8.705  0.41533	0.470042  8.69108 0.409986
 -0.919588 -0.0170875    1.26167	-0.738931 0.0819554   1.22006
 -1.49215 -0.743943   1.87773	-1.24888 -0.59665  1.80157
1.57374 5.73936 1.48171	 1.4806  5.6811 1.46518
0.387522  9.53802  1.26903	0.167313  9.55205  1.27756
 1.86423  3.33113 0.844889	 1.82787  3.30857 0.827355
 2.37917  4.00602 0.271324	  2.3149    3.977 0.264383
1.27101 2.33911  1.2199	1.27654 2.33732 1.19147
 2.24826  5.22367 0.179338	 2.15704  5.17921 0.172842
-0.887179  -0.20472  0.612616	-0.714944 -0.109453  0.602268
0.262264  1.22571 0.829212	0.335313  1.25576 0.810391
-2.61249 -2.32453  1.47126	-2.25166  -2.0816  1.41317
 -2.7479 -2.47506 0.841646	-2.37526 -2.22431 0.819559
-1.94064 -1.66769 0.871744	-1.65492 -1.47966 0.848878
1.31957  7.4917 1.68677	1.18058 7.44282 1.67904
 -1.03154 -0.834629  0.789679	-0.850992 -0.728288  0.773569
 1.03362  1.89559 0.904747	 1.05567  1.90305 0.884813
-0.611731 -0.188382  0.968573	-0.467032 -0.108558   0.94487
0.788128  9.25601 0.422135	0.587291  9.24812 0.414996
1.31696   7.951 1.22203	1.16839 7.89946 1.21186
 2.03336  6.04576 0.848916	  1.9268  5.99706 0.836952
 -0.92952 -0.538903  0.925575	-0.759436 -0.443571  0.903341
-0.309773 0.0979447     1.919	-0.173391  0.183284   1.85341
-0.158929  0.437144   1.02206	-0.0513797   0.491914   0.996641
1.49378 3.79474 1.61185	1.46349 3.75818 1.57166
 1.7728 3.14608 1.43471	 1.7531 3.13501 1.39422
2.80736 4.34183 0.15973	 2.72299  4.32248 0.157145
0.829643  1.43509 0.611324	0.856077  1.43922 0.602748
-0.692213 -0.715836  0.966347	-0.574059  -0.66958   0.95213
-0.558013 -0.716819   1.27195	-0.433585 -0.654393   1.24584
 1.62831  2.38396 0.875546	 1.62002  2.38341 0.856898
-0.499658 -0.787364    1.9825	-0.353561 -0.690477    1.9232
 0.9636 1.46623 1.16065	0.99617 1.48493 1.13404
  2.36894   2.85385 0.0740595	  2.32758   2.84514 0.0740298
0.287033 -1.47177  0.62592	0.439639 -1.29623 0.610838
  0.258828 -0.0430644   0.244304	 0.371765 0.0478342  0.243312
0.652932 -1.29568  1.87147	0.790048 -1.10984  1.79912
 2.04061  1.75782 0.818763	  2.0343  1.78034 0.803308
 1.50406   1.1252 0.669175	 1.53062   1.1664 0.655671
 1.16946 0.521239 0.929555	 1.22667 0.591299 0.905664
0.497568 -1.06702  1.34238	 0.633775 -0.902995   1.29509
0.526205 -1.68587 0.585544	0.671516  -1.4984 0.572981
   0.859445    -1.28402 0.000986099	 0.970891  -1.13733 0.0126868
1.86233  2.9644 1.52909	1.83588 2.95513 1.49565
0.113889 -1.78038 0.555672	0.284636 -1.58524 0.543489
0.428742 0.202464  1.74666	0.539416 0.303333  1.68193
 2.25949  2.32124 0.339235	 2.23287  2.32506 0.335318
 0.867562 -0.664287   1.40534	 0.973051 -0.525531   1.35869
    0.819 -0.206126   1.53089	  0.915509 -0.0911352    1.47965
0.241947 -1.41046  1.78991	0.407479  -1.2127  1.71672
0.794119 -1.14907 0.612384	 0.910535 -0.996235  0.599277
0.592527 -1.17019  1.37809	0.726329  -1.0001  1.32959
1.44285 0.15434 1.67784	 1.50091 0.251165  1.62677
 2.17437  2.62069 0.142763	 2.14299  2.61547 0.141896
 1.60779 0.677913 0.957627	 1.64265 0.741012 0.935277
 0.918109 -0.970675  0.373882	  1.02142 -0.834148  0.370675
1.85923 1.93529 1.70345	1.85779 1.95847 1.66166
   1.5886 -0.948483   0.74955	  1.67509 -0.773714  0.728125
2.81533  1.9456 1.10959	2.78513 1.97092 1.09116
 1.93904 0.897708  1.30068	 1.95928 0.959987  1.26808
2.47403 2.06822 0.59564	  2.4502  2.08673 0.586017
2.29937 2.14853 1.80507	2.27453 2.16083 1.77382
 2.58941  1.28083 0.826088	 2.57995  1.32914 0.810601
 1.38396 -2.07818 0.582772	 1.51309 -1.81451 0.566976
   1.4153 -0.804496  0.564699	   1.5076 -0.637452  0.550483
-2.87288  7.58822 0.216127	-3.47418  7.71423 0.216695
2.15925  1.1438 1.85807	2.16357 1.19303 1.81549
 2.19457 -0.10745  1.80331	   2.22936 0.00732086    1.75123
 2.52565  2.04131 0.362039	 2.50138  2.06087 0.357457
 2.37009 0.484318  1.05481	 2.38566 0.568744  1.02987
  2.21842 -0.517669  0.820017	  2.26407 -0.375233   0.79924
 1.31235 -1.62764 0.973823	 1.43198 -1.40117  0.93985
  2.80056   1.64033 0.0454248	  2.77839   1.67579 0.0487319
 2.79958 -2.91903 0.751446	 2.87339 -2.57471 0.727392
3.02264 0.21372 1.88586	 3.02205 0.315541  1.83856
  3.0661 -3.73541  1.54006	 3.14046 -3.31613  1.47211
 2.90268 -1.13322 0.923911	   2.9351 -0.939089  0.897495
 3.36651 0.577697 0.750626	 3.34987 0.665003  0.73691
 2.51193 -2.46738 0.521405	  2.5927 -2.15655  0.50845
 3.01513 0.442374 0.612371	 3.01176 0.536411 0.601092
-3.76795  7.18657 0.834489	-4.32728  7.22913 0.869808
  3.28632  -2.10317 0.0698982	  3.32049  -1.83587 0.0796757
 3.28876 0.397207  1.60297	 3.27707 0.492073  1.56579
-3.13073  5.96595 0.888431	-3.61703  5.94649 0.928326
  3.5183 0.316381 0.171394	 3.50208 0.417907  0.17377
  2.47202 -0.998851   1.69002	  2.51949 -0.814459   1.63229
  3.19653 -0.487171   1.99062	  3.20384 -0.342481   1.93357
  3.4996  3.01432 0.527974	  3.4374  3.01907 0.523189
 3.2659 -0.7038 1.31052	  3.27528 -0.542323   1.27383
 2.52826 -1.17059 0.287179	  2.57936 -0.968026  0.285402
  3.31508 -0.078975  0.517411	  3.31187 0.0441058  0.509168
 3.28669 -2.28948  1.99365	 3.32326 -2.00861  1.91741
  2.71417 -0.891737   1.46664	  2.74873 -0.716965   1.42025
 3.22288 -2.46104 0.964956	 3.26609 -2.16168 0.933211
-3.30831  7.01326 0.840593	-3.80765  7.04176 0.873219
-3.89491  8.45994 0.334522	-4.48658  8.57295 0.337971
  2.80226 -0.223019   1.42597	    2.819 -0.092952   1.38629
 2.78527 -3.94144 0.384559	 2.88111 -3.49163 0.379136
-3.73358    7.775 0.363037	-4.29838  7.84902 0.369742
 3.13295 -3.12019 0.590303	 3.19286 -2.75944 0.575025
 3.00626 -1.33012  1.79279	 3.03724 -1.12603   1.7327
  2.7576 -3.17465 0.635626	 2.83923 -2.80357 0.616839
 3.03312 0.241959 0.506957	 3.03322 0.346948 0.498628
 -3.4054  6.95298 0.919712	-3.91455    6.979 0.957374
 3.13566  2.77277 0.987878	 3.08193  2.77722 0.977278
 3.43662 0.321133 0.818773	 3.42245 0.422215  0.80266
  3.31545 -0.354025  0.722628	  3.31705 -0.214581  0.707381
2.43439 3.69564 1.78829	  2.362  3.6758 1.78242
 3.79536 -3.40211 0.583205	 3.82576 -3.02454 0.568292
 3.55841 -1.65382 0.812304	 3.57293 -1.42646 0.790538
 3.52323 -4.15104 0.898397	 3.57921 -3.69702 0.864657
 4.01821 0.363014  1.33044	 3.98758 0.466082  1.30114
 3.23583  3.99574 0.689535	 3.15688  3.98482 0.685872
3.00153 3.35119 1.56286	2.93631 3.34413 1.55194
 3.97146 -2.18868  1.34835	 3.97708 -1.91975  1.30246
3.93201 1.40514 1.08755	3.88877 1.46162 1.06931
 4.08471 -1.95421 0.556093	 4.08269 -1.70583 0.543587
  3.9209  1.28746 0.836799	 3.87958  1.34835 0.823002
  3.5064  4.47951 0.142429	 3.41941  4.46982 0.139792
-3.61532  8.64642  1.17914	-4.1323 8.74045 1.22553
   4.07335    3.45932 0.00924873	   3.99919    3.46294 0.00856184
4.22821 -2.3013 1.34516	 4.22511 -2.03119  1.30002
 4.26556 -2.79193  1.84255	 4.26679 -2.48249  1.77357
 4.43645 -2.98989  1.48811	 4.43301 -2.67075  1.43352
 4.49061 -5.03154  1.72788	 4.50645 -4.52579  1.64778
 4.42822 -5.07232 0.294884	 4.44809 -4.57262 0.290308
4.27505  1.9818 1.30923	4.21812 2.02275 1.29008
3.40463 3.01031 1.75109	3.34373 3.01689 1.73307
 4.74815  -4.7911 0.598636	 4.74978 -4.33455 0.578071
-2.7878 8.47583 1.69063	-3.19029  8.53352  1.74427
 4.55172 -1.80627 0.748604	 4.53161 -1.58584 0.728251
   4.4841 -0.630453   1.12061	  4.45328 -0.478141   1.09233
  4.5857    -0.94 0.747032	  4.55535 -0.772216  0.728993
 4.37186  2.48413 0.652394	 4.30754  2.51058 0.644809
 4.73494 -3.12081 0.560231	 4.72169 -2.81547 0.543358
-3.21885  8.92923  1.44806	-3.65956  9.00747   1.4955
 4.55727  2.02229 0.582285	 4.49582  2.06211 0.574544
  4.4645   4.0792 0.296302	 4.38039  4.08102 0.294425
 3.5739 4.14644 1.39661	3.49212 4.14021 1.39018
 4.69923 -2.13747 0.859085	 4.67755 -1.89943 0.833588
4.60625 1.33949 1.98452	4.55101 1.40603 1.94837
 5.04957 -4.04134  1.23748	 5.03187 -3.66817  1.19013
 4.85127 -1.45908  1.39254	 4.81804 -1.26337  1.35241
  4.92144 -0.328533  0.188298	   4.8765 -0.196983  0.185445
  4.82244 -0.711023   0.32094	  4.78351 -0.559558  0.314322
4.74527 1.36599 0.69263	 4.68773  1.42902 0.681216
 3.83491  5.37609 0.107308	  3.7386  5.36836 0.105372
 5.0587 1.22121 1.59023	4.99659  1.2904 1.56307
4.84886 2.48139 1.71935	4.77838  2.5134 1.69868
3.24706  5.1785 1.63532	3.14896 5.16699 1.63482
 4.90462  3.02086 0.172467	  4.8291  3.04172 0.170547
 5.34027 -3.32862  0.14697	 5.30677  -3.0231 0.143968
5.19543 2.18711 1.33994	5.12331 2.22871 1.32239
  5.00054   3.39837 0.0693624	  4.92073   3.41357 0.0683292
 5.39175 -3.53002  1.91979	 5.35721 -3.21332  1.85245
  5.26066 -0.594591  0.356881	  5.20944 -0.450477   0.34921
 2.0515 6.54284 1.59679	1.91746  6.5339 1.60722
 5.30353 -4.48665 0.264503	 5.27962 -4.09399  0.25642
 5.42715 0.534899  1.07966	 5.36379 0.629315  1.05909
 5.51283 -1.81566  1.96449	 5.46307 -1.61229  1.90982
 5.23769  2.91714 0.712082	 5.15952  2.94271 0.704568
4.57277 4.22869 1.54313	4.48733 4.23153 1.53448
 5.60566 -3.02237  1.08273	 5.56119 -2.75351  1.04913
 5.67171 -4.28978 0.747561	 5.63281 -3.93941 0.721789
  5.58998 -0.819219   1.49912	  5.53203 -0.669519   1.46375
 5.42776  1.14766 0.135163	 5.36043  1.21899 0.132979
2.02091 6.99652   1.435	1.88158 6.99188 1.44486
5.24343 3.81462 1.24525	5.15798 3.82604 1.23644
  5.72321 -0.168881   1.87281	   5.65819 -0.0470088    1.83284
  6.01511  -3.81134 0.0624222	  5.96291  -3.52112 0.0597966
4.76202 4.75793 1.36868	4.67051 4.75785 1.36379
2.16766 7.37213 1.27844	 2.0275  7.3713 1.28725
5.84892 3.62342 1.12459	5.76056 3.64074 1.11603
5.90463 2.78018 1.86273	5.82004 2.81206 1.84292
4.34453 6.31983 0.06285	  4.24101   6.31578 0.0623874
 6.15639 -1.84221 0.424226	  6.0908 -1.65069 0.412395
5.94777 3.16697 1.45931	5.86092 3.19184 1.44581
 5.93912  2.61526 0.313165	 5.85588  2.64968 0.309521
 6.17234  3.00981 0.750108	 6.08459  3.03764 0.743037
    6.2312    2.11655 0.00856721	   6.14725    2.16281 0.00817067
 6.30418 -1.25103 0.943204	 6.23221 -1.08702 0.920273
 4.27213  6.55256 0.917154	 4.16592  6.54864 0.917818
6.06453  3.4512 1.71471	5.97513 3.47171 1.70056
4.86155 5.40813 1.68038	4.76532 5.40592 1.67636
6.61528 -3.5474 1.09253	 6.54309 -3.27245  1.05914
 6.4453 1.39613 1.29211	6.36047 1.46179  1.2732
 6.74908 -2.44807  1.86205	 6.66972 -2.23591  1.81379
6.58145 2.15115 1.86855	6.49186 2.19746 1.84625
4.56338 6.19488 1.84702	4.46092 6.19064 1.84655
 6.78082 -3.36061  1.46845	 6.70317 -3.09775  1.42549
 4.16935  6.97684 0.655666	 4.05957  6.97425 0.656726
6.41059 3.02895 1.57108	6.32002 3.05715 1.55647
 6.42278  2.94831 0.961408	 6.33281  2.97792 0.952312
 6.80375 -2.11234   1.1324	   6.723 -1.92959   1.1056
3.20605 7.70948 1.62369	 3.0818 7.71021  1.6309
 3.08599  7.84101 0.217485	 2.95825  7.84435 0.217849
2.94858 7.80172 1.14706	 2.8195 7.80409 1.15284
5.70895 5.46606 1.18111	5.61209 5.46676 1.17764
 6.71774  3.65399 0.474571	 6.62334  3.67347 0.471371
 6.75147  1.22618 0.368636	 6.66351  1.29423 0.363099
 6.6293 1.84302 1.42277	6.54038 1.89517 1.40501
 1.64804  8.66424 0.377956	 1.48673  8.68035 0.380154
  6.6737   3.5688 0.645226	6.57976 3.58929 0.64054
5.14564  5.5501 1.97208	5.04801 5.54831 1.96778
4.85245 6.92259 1.60983	4.74707 6.91961 1.61083
  7.05244 -0.533106   1.82375	  6.96286 -0.416495   1.79092
  2.816 8.08651 1.02497	2.68395 8.09107 1.03047
6.86623 3.32011 1.01422	6.77115 3.34463 1.00601
4.49569 6.94659 1.82958	4.38835 6.94327 1.83165
  6.7041  5.37462 0.114342	  6.6051  5.37811 0.114974
 6.91706  3.33629 0.177531	 6.82214  3.36115 0.176363
 7.06404 -2.21612 0.124803	 6.97877 -2.04016 0.120493
6.84034 1.29528 1.72887	6.75001 1.35918 1.70563
 4.4207 7.18291 1.13406	4.31167 7.18066 1.13606
 6.97602 -3.03899  1.71037	 6.89316 -2.82533  1.66846
4.95606 6.66477 1.70151	4.85233  6.6615 1.70171
7.07569 3.66197 1.14475	6.97812 3.68201 1.13662
 7.29746 -3.44748  1.94379	   7.208 -3.22818  1.89733
 7.02836  2.57165 0.532848	 6.93379  2.60905 0.527495
4.88405 7.13333 1.60354	4.77805 7.13055 1.60491
 7.09407  2.52623 0.506778	 6.99897  2.56464 0.501652
 7.21568 0.915688 0.155001	 7.12224 0.988336 0.152174
 7.28657 0.738157 0.234633	 7.19241 0.814632 0.230646
3.68768 8.14425 1.93041	3.56863 8.14548 1.93749
0.70582 9.79576 1.13601	0.529842  9.82219  1.14679
 3.30421  8.36394 0.984447	  3.1807  8.36757 0.988896
   7.30159 -0.0215638  0.0567741	  7.20846 0.0740148 0.0547865
6.96792 4.52229 1.24925	6.86922 4.53255 1.24282
7.22955 3.44416 1.58081	7.13092  3.4667  1.5689
 7.31358  2.46389 0.874665	 7.21616  2.50175 0.866174
  7.27782   5.78462 0.0480969	  7.17613   5.78706 0.0494737
4.65093 7.71681 1.46287	 4.5418 7.71521 1.46572
6.67746 6.62672 0.10569	 6.57663  6.62572 0.106923
   7.5215 -0.754326   1.21162	 7.42528 -0.64396   1.1914
2.98761 8.75702 1.61216	 2.8584 8.76345 1.62069
6.25994 5.46602 1.88619	6.16125 5.46778 1.88017
 7.78308 -2.04506  1.08552	7.68395  -1.903 1.06516
 4.07841    8.155 0.547834	 3.96442  8.15588 0.550147
3.36351 8.68624 1.25871	3.24104 8.69038 1.26439
  7.65192 -0.770271  0.727575	  7.55405 -0.662217  0.715042
1.12847 9.86205 1.71078	0.966407  9.88387  1.72539
 3.09502  8.82119 0.931956	 2.96877  8.82723 0.936878
 7.53988  1.62676 0.852839	 7.44119  1.67949 0.843032
  7.72875 -0.552731   1.35053	  7.62926 -0.451265   1.32946
  3.1684  8.70259 0.498551	 3.04335  8.70816 0.501456
  1.3349  9.68937 0.728875	 1.17989  9.70807 0.734704
 7.80937   -2.357 0.577944	 7.71012 -2.19946 0.565236
 3.17582  8.82162 0.472325	 3.05098   8.8276 0.475146
1.61631  9.8927 1.72508	1.46853 9.90944 1.73739
 7.88797 -2.28983  0.42179	 7.78762  -2.1435 0.412123
 5.02844  7.82274 0.269444	 4.92194   7.8214 0.271068
6.82757 6.31356 1.01559	6.72617 6.31307 1.01398
 7.92002 -1.78139   1.2215	 7.8186 -1.6535 1.20034
3.03735 9.27053 1.40403	2.91037 9.27812 1.41155
 7.85278  1.82953 0.505756	 7.75085  1.87732 0.500023
7.42423 5.01847 1.37541	7.32235  5.0252 1.36956
  8.00033 0.0514925  0.800736	 7.89731 0.134375 0.788966
 8.10193 0.302402  1.39035	 7.99739 0.374741  1.37284
 7.93943  5.05723 0.126047	 7.83553  5.06476 0.126647
 5.37705  8.12072 0.707928	 5.27131  8.11888 0.710031
7.01217 6.52074 1.06546	6.91042 6.51957 1.06372
 8.15754  1.80926 0.709834	 8.05254  1.85513 0.702426
 8.41829  3.69513 0.612521	 8.31116  3.71888 0.608244
8.20917 1.64807 0.42221	 8.10386  1.69677 0.417775
 8.54744 0.322779  1.65466	 8.43498 0.451652  1.62039
7.43873 5.80956 1.58245	7.33546 5.81053 1.57864
   9.0343 -0.667731  0.871488	  8.91173 -0.513577  0.852181
 9.83501 0.561575  1.72045	 9.70709 0.644637  1.69701
 9.48075  1.24828 0.678394	 9.34881  1.36373 0.664354
 9.81419 0.256965 0.751863	 9.66897 0.419114 0.733033
 9.44497  2.30119 0.747304	 9.31732  2.38114 0.734358
 8.56493  5.05101 0.886501	8.45799 5.05548 0.88465
 9.57994  1.64619 0.465991	  9.4411  1.77202 0.454927
8.82059  3.4497 1.39545	8.70877 3.48165  1.3821
 9.10529  0.61666 0.226977	 8.97271 0.808548 0.219862
9.77013 2.47345 0.38705	 9.63804  2.54633 0.381085
8.50014 5.45002 1.09173	8.39402 5.44945 1.09205
 8.67352  5.91746 0.140556	 8.57094  5.90953 0.143398
 9.39153  3.51147 0.599824	 9.27285  3.54662 0.594037
8.79299  5.7653 0.88616	 8.69099   5.7558 0.894728
9.90597 4.72323 1.58788	9.81962 4.69538 1.60942
 9.38658   4.9229 0.148075	 9.28512  4.91406 0.150174
9.31003 4.81708 1.78335	9.21425 4.79424  1.8037
9.77848 4.72017 1.63203	9.69104 4.69155 1.65468
 8.32795  5.96349 0.889723	 8.22237  5.95824 0.895278
 9.61697  6.58076 0.181848	 9.51575  6.57948 0.183996
9.89249 6.62691  1.1536	9.79051 6.62567 1.15776
   9.358  7.35138 0.271414	 9.25083  7.35044 0.272848
9.80576 7.71141 1.19086	9.70102 7.71152 1.19381
9.91241 8.19371 1.54412	9.80698 8.19405 1.54713
9.01918 6.14134 1.40813	 8.9142  6.1396 1.41026
 9.02399  7.59587 0.541986	8.91732 7.59478 0.54376
9.17274 8.37861 1.05949	9.06541  8.3775 1.06133
9.37877 8.43674 1.34482	9.27168 8.43596 1.34691
9.51615 9.22812 1.80372	9.40736 9.22605 1.80485
9.06715 8.87413 1.20885	8.95941 8.87281 1.21079
 8.99701    8.874 0.591807	 8.88942  8.87305 0.593869
 9.02387  8.75512 0.978687	 8.91639  8.75407 0.980749
8.48194 9.98824 1.75666	8.37335 9.98558 1.75848
8.85771 8.05495 1.50682	8.75085  8.0537 1.50893
8.42809 8.57355 1.64138	8.32081 8.57197 1.64358
 8.5365 8.21687 1.70064	8.42953 8.21537 1.70284
  7.74488   7.75892 0.0669072	  7.63794   7.75752 0.0689227
8.73133 6.26759 1.29526	8.62604 6.26581 1.29748
8.00415 8.38386 1.22267	7.89694 8.38221 1.22498
8.17719 9.01875 1.88135	8.06961 9.01684  1.8836
7.83214 9.58188 1.27216	7.72398 9.57939 1.27431
8.27252 8.09406 1.83343	8.16577 8.09252 1.83591
7.97654 8.38624 1.57845	7.86936  8.3845 1.58078
 7.69351   9.6421 0.149466	 7.58503  9.63934 0.151817
7.05355 8.57068 1.18221	6.94611 8.56852 1.18453
7.09828 9.89644 1.59984	6.99016 9.89316 1.60195
 6.71069  7.97756 0.113047	 6.60342  7.97574 0.115201
 6.7837 8.85792 1.37043	 6.6762 8.85569 1.37284
7.10354 8.96717  1.9954	6.99617 8.96501 1.99799
 6.52132  8.89672 0.177463	6.41361 8.89423  0.1798
 6.30394  7.73473 0.941228	6.19675 7.73256  0.9434
6.47318 7.90019 1.53202	6.36607 7.89806 1.53445
  6.07797   8.45437 0.0712194	  5.97047   8.45197 0.0734517
6.31433 9.82549 1.54594	6.20674 9.82322 1.54874
6.76196 7.15993 1.77728	6.65549 7.15789 1.78008
 6.05304  9.78098 0.650217	 5.94481  9.77623 0.652387
 5.04467  9.50373 0.541465	 4.93711  9.49121 0.542215
 4.9257 9.08642 1.49868	4.81846 9.07745 1.49731
 4.49121  9.66228 0.272349	 4.38447  9.65828 0.274815
 4.27493   9.8291 0.881606	 4.16791    9.827 0.884272
3.14402   9.906 1.74341	3.03607 9.90571 1.74696
6.01936 7.40689 1.98641	5.91182 7.40447 1.98809
-3.19884   9.9098 0.516526	-3.30423  9.90799 0.518686
  9.86221 -0.523182  0.108069	  9.75421 -0.523721  0.108671
  9.83794 -0.934827   1.56955	  9.72944 -0.935193   1.56991
  9.06221 -0.424277    1.4398	 8.95348 -0.42461     1.44
  8.71866 -0.911081   0.51421	  8.61121 -0.911585  0.514753
 8.48208 -1.45409  1.13657	  8.3755 -1.45489  1.13736
 9.81645 -2.62235  0.21954	 9.70811 -2.62258 0.220244
 8.35329 -1.31899 0.688301	 8.24612 -1.31956  0.68891
 8.86681 -1.77072  1.35308	 8.76088 -1.77184  1.35414
 8.69677 -1.81871  1.52648	 8.59166 -1.82019  1.52785
 9.38141 -4.31368 0.552474	  9.2743 -4.31473 0.553371
 8.32755 -2.08935  1.48445	 8.22022 -2.08993  1.48519
 8.22293 -2.71043 0.446117	 8.11506  -2.7107 0.446759
 9.06145 -3.13941  1.42677	 8.95432 -3.14027  1.42766
 8.51763 -2.90885  1.18623	  8.4103 -2.90951  1.18701
   9.14815    -3.7616 0.00323284	   9.04134   -3.76274 0.00402499
 8.09563 -4.84829  1.04645	 7.98521 -4.84585  1.04657
  7.31853  -4.06339 0.0833206	  7.20907  -4.06172 0.0839141
 7.15955 -3.85935  1.00518	 7.04983 -3.85743  1.00522
  8.28043  -4.34533 0.0717061	  8.16932  -4.34258 0.0724056
8.35634 -3.6231 1.02646	 8.24542 -3.62106  1.02648
 8.16659 -4.28709 0.745649	 8.05529 -4.28413 0.745789
 6.88226  -5.2913 0.331306	 6.77264 -5.28857 0.331738
 8.12328 -5.88023  1.59553	 8.01278 -5.87729   1.5954
 6.70696 -4.52538  1.91901	  6.5981 -4.52405  1.91892
  6.9541 -4.70511  1.19076	 6.84389 -4.70205  1.19053
 7.24695 -5.32306 0.933352	 7.13736 -5.32077  0.93356
7.17364 -5.3464 1.32468	7.06448 -5.3447 1.32484
  8.1743 -8.36944   1.9434	 8.06467 -8.36705  1.94361
 7.33218 -6.93691  1.48841	 7.22157 -6.93249  1.48812
 7.64786 -6.86636   1.7285	 7.53618 -6.86064  1.72772
   7.992 -6.59148  1.46626	 7.88093 -6.58723  1.46602
 8.05849 -7.68151 0.816329	 7.94681 -7.67573 0.816484
 6.98742  -5.7278 0.900174	 6.87748 -5.72458 0.900266
 7.45857 -4.57862 0.671719	 7.34676 -4.57427 0.671698
   6.7983  -3.99192 0.0963844	  6.68922  -3.99036 0.0969197
 6.78646 -6.01543  1.25795	 6.67709 -6.01288  1.25799
 7.77897 -8.46011 0.598828	 7.66416 -8.44796 0.598712
 7.18483 -7.17898 0.179422	  7.0753  -7.1759 0.180012
 6.89683 -7.21222  1.46216	 6.78785 -7.21005  1.46229
 5.72652 -5.78159  1.22575	 5.61816 -5.77997  1.22583
 6.12297 -6.99355 0.759315	 6.01404 -6.99076 0.759474
 4.92149 -5.51673  1.95654	4.81249 -5.5136 1.95576
 6.25803 -7.86217 0.385921	  6.1501 -7.86087 0.386346
 5.81978 -6.84101   1.9249	 5.71021 -6.83712  1.92422
 5.33234 -6.06682 0.626917	 5.22395 -6.06471 0.627075
 6.19485 -8.09914 0.986921	 6.08534 -8.09504 0.986871
 5.20274 -6.06563 0.937845	 5.09406 -6.06299 0.937783
 4.58795 -5.49529 0.943313	 4.47969 -5.49307  0.94319
 5.19871 -6.82983 0.392682	 5.09154 -6.82942 0.392922
 4.70623 -6.31949 0.666828	 4.59789 -6.31694 0.666776
 4.49751 -6.09985  1.51499	 4.38972 -6.09821  1.51478
 4.14898 -5.49206  1.31007	 4.04101 -5.49009  1.30979
 4.12127 -5.45459  1.50793	 4.01396 -5.45379  1.50789
 4.64636 -6.32866  1.29795	 4.53926 -6.32819  1.29806
  5.5599 -7.85133 0.113424	 5.45239 -7.85014 0.113656
 5.45288 -8.12425  1.82255	 5.34088 -8.11529  1.82076
 4.97211 -7.21286  1.40816	 4.86218 -7.20753  1.40731
   4.8129  -7.06594 0.0526125	   4.7055  -7.06481 0.0527836
 4.51936 -6.49683 0.546304	  4.4114  -6.4948 0.546302
 4.06281 -6.44392  1.00015	 3.95632 -6.44422  1.00028
 3.01659 -4.45921 0.245439	 2.90964 -4.45874 0.245475
