63	-1.31204  3.08057 0.704067	 0.200984 -0.740048  -0.83747 -0.244006 -0.726088  0.319755 -0.771082  0.761366  0.164899 -0.578274
68	  0.322771    2.49316 0.00960517	 0.157625  0.343682 -0.941048  0.511891  0.199413 -0.721998 -0.712117 -0.608204  0.554821  0.688563
76	-0.683305   6.57093    1.5693	  0.423812  -0.189465  -0.613015   0.675972  -0.690579   0.347296  -0.352297  -0.305607  0.0650283 -0.0855207
80	-3.73626 -2.08632 0.177238	0.0646838  0.490017  0.940084  0.917507 -0.822943 -0.958983 -0.893853  0.795766  0.799042 -0.920566
88	 -2.65763   2.30982 0.0695629	 -0.242402 0.00367069   0.388182  -0.964005   0.300131    0.23894   0.387384  0.0402366   0.790707   -0.51717
103	  1.1729  6.00259 0.436448	 0.432399 0.0947199  0.480901 -0.106248 -0.250051  0.116395  0.681608 -0.865075  0.407141 -0.558643
111	-1.14423  1.37508 0.184888	0.0644367  0.987055 -0.881673  -0.93987 -0.135097 -0.357907  0.946293 0.0380956  0.226508  0.444753
145	 -0.87675   9.76701 0.0580995	 0.566061  0.464277 -0.917448  0.596949  0.344034  0.777599  0.515141 -0.230922  0.660221  0.522057
166	-1.83172  0.59836 0.812079	-0.621197  0.341204 -0.595347  -0.48131 -0.677013  0.267468  -0.71984  0.114963  0.160523 -0.653544
173	0.0678718   7.91655   1.68288	-0.555551  0.505941 -0.775258  0.857206  0.211701  0.138847  0.568044 -0.823599  0.181035 -0.308075
175	-0.442269   1.39201   1.46595	-0.380037  0.560814   0.27381 -0.588382  0.719375   0.71826   0.91756  0.944117  0.575466  0.129261
181	-1.59564  5.11386  1.01352	   0.795082     0.56119   -0.191728   -0.160681   -0.132625    0.814568 0.000130057    0.951868    0.616358   -0.296297
186	-1.56051  2.55726  1.64035	 -0.363999  -0.404756   0.318223   0.428182    0.88663  -0.927022 -0.0759333   -0.50321   0.105384   0.325761
189	-1.60995  6.29963 0.339398	  0.944388 -0.0442758  -0.955454  -0.852352 -0.0904063   0.854488   0.702408  -0.431292  -0.388881   0.169044
192	-1.21655  9.07365  1.64455	  0.489464  0.0764093   0.486326   0.273566  -0.814848   -0.13354 -0.0357851   0.106223   -0.34143  -0.547372
226	-0.000885725      4.89357      1.77096	-0.0262535   0.472183   0.547006   0.619006   0.925916   0.482458  -0.940886  -0.826409 -0.0763676   0.436199
229	0.448955  6.38873 0.970306	 0.968528 0.0750718  0.272564 -0.717869  0.975184  0.156013  0.476047 -0.371207  0.157548 0.0707208
233	-1.84082  2.75637 0.152297	 -0.15632  -0.47994  0.154418  0.286783  0.326922 -0.187553 -0.928859  0.178678 -0.890651  0.370347
251	-0.935486   1.35842  0.196691	0.0184095 -0.546839  0.171693 -0.825482 -0.419792 -0.108934 -0.483608  0.234773 -0.109934   0.34957
275	0.53784 7.01612 1.76875	  0.901747 -0.0544072   0.466355  -0.782355 -0.0168586   0.134778   -0.30289   0.424487  -0.571156  -0.142559
285	-2.3343   5.521 1.87933	-0.529223 -0.165898  -0.52311   0.99705  0.954455  0.795794  0.301849  0.604161 -0.386456  0.416842
321	-1.90922  4.79567  1.32536	  0.121663  -0.697701 -0.0107318  -0.948717   0.957559  0.0248443   0.294227   0.556386   0.789302   0.578873
322	-2.84412  4.86267  1.48963	-0.263404  -0.14825  0.480009 -0.741038  0.941419 -0.638511   0.91755  0.927547  0.339667  0.504161
331	  -3.0536 -0.278103  0.463205	 -0.372921  -0.232389  -0.275591   0.142657 -0.0831489   0.918033   0.855599  -0.554373   0.771446   0.860145
333	-0.368562   9.93192   1.09224	 -0.795388   0.472763   0.148521   0.176801  -0.758839     0.7756   0.944412 -0.0344303 -0.0817431  -0.138737
337	-1.24862  8.92836 0.579932	-0.150985 -0.239448  0.305884 -0.431382 -0.410502  0.541223 -0.244189  0.381588  0.769753  0.396885
346	-1.15207  3.73357  1.48341	 -0.538912   0.939179 -0.0289906   -0.78009  -0.168884   0.503105 -0.0277033   0.939853   0.817772   -0.16483
377	0.164075  8.04694 0.291541	 0.568992 -0.997484  0.170229 -0.528694 -0.792735  0.792076 -0.393831 -0.986474 0.0327893  0.709821
402	-0.471569   6.27379  0.467024	   0.299441   -0.266976 -0.00990885    0.981139    0.469097   0.0484805   -0.101318    0.457996    0.989811   -0.327363
404	-1.29497  6.53026  1.52471	-0.0413483  -0.928209   0.190487  -0.413969  -0.161721  -0.510072   0.319055    0.82837  -0.528933  -0.211848
405	-1.2315  3.6975  1.5077	-0.133339 -0.957614  0.861787   0.68244 -0.169727 0.0519526  0.349148  0.320996  0.499283  0.749431
406	-1.86212  4.89832 0.861132	 -0.18036  0.902858 -0.698931 -0.527335 -0.859498  0.259721 -0.455544  0.330989  0.845752  0.382735
453	 -2.55093   6.47119 0.0967245	 -0.392726   0.341782 -0.0774235  0.0674467   0.322636   -0.57119  -0.867183  -0.240172   0.554532   0.274679
477	-0.80974  7.78737  1.94815	 0.906963 -0.669358 0.0752866 -0.396006  0.186727 0.0878733  0.698024 -0.767612 -0.336127 -0.615916
478	-1.21101  5.65441 0.721801	 0.165984 -0.714991  0.503757  0.802579 -0.413575 -0.401238   0.23094  0.139862 -0.403314  0.838118
499	-1.11587   3.4322 0.791012	   0.87236  -0.425417   0.371344  -0.623066    0.15561 -0.0930542 -0.0853708  -0.210316   0.693174   0.295134
503	-2.76805 -1.06548 0.868836	   0.29975 -0.0932432   0.709146  -0.997917  -0.167481   0.171158  -0.275397   0.646693   0.976389  -0.948383
514	-1.50183 0.108613  1.11978	 0.415944 -0.793552 -0.875854 -0.454529 -0.929115 -0.510046  0.606485  0.817317  0.142564  0.187172
520	0.142449  6.00724  1.37143	-0.292163 -0.870239  0.363799  0.371776  0.863985   0.41306  0.413762  0.135915  0.274392 -0.190288
539	-2.30734  3.37303  1.66489	 0.846372 0.0731449 -0.951799 -0.665444  0.482183 -0.334989  0.952538 -0.688376  0.229602  0.222713
544	-1.44182  4.48406 0.767532	 -0.117144  -0.295213   0.686816  -0.137568  -0.727208      0.987  -0.935279   0.338009  -0.434102 -0.0289121
555	 -3.23479 -0.698266  0.181944	  0.285991   0.349291   0.311155  -0.969561 -0.0395061  -0.483023 0.00421429  -0.177247     0.7546  -0.353065
561	-1.96969  6.38631 0.348952	-0.901468 -0.321224  0.762173 -0.139413 -0.933921 -0.734849 -0.141754 -0.936109 -0.385877  0.688644
577	-3.43923 -1.49857 0.209492	 0.332789 -0.971058  0.532263  0.699824 -0.773615 -0.450667  0.779397  0.704055 -0.455899  0.571954
578	 0.75676  2.98442 0.766661	-0.0117552   -0.22775   -0.28538   0.229583  -0.744161   0.503275  0.0797361  -0.946488 -0.0893854   0.163092
596	-0.80112  2.84645 0.689717	  0.054528  -0.489826   0.452922   0.133857 -0.0457281  -0.424836   0.676797  0.0767392   0.583197   0.904953
599	0.0113606   3.52028  0.666388	 -0.415667   0.256981     0.6962   0.149527   0.053151   0.980456  -0.145336 -0.0911871  -0.117177   0.533821
610	-1.36632 0.149869   1.7961	-0.194921 -0.218076  0.733377   0.67318  0.437774  0.443849  0.659527 -0.617563    0.1623 -0.441298
616	-2.49738  6.44802 0.323117	  0.825798   0.544241   0.520071   0.393325   -0.98472 -0.0257384  0.0265256     -0.627   0.251381 -0.0168152
622	0.0915158   3.45143   1.86343	 -0.437378  -0.970712   0.447469 -0.0850171  -0.976981  0.0142802   0.648431    0.90451  -0.222876  -0.669304
631	-2.99474  1.98334 0.175001	  -0.806835   0.0299248   -0.664679   -0.036965    0.357343  -0.0920386   -0.261044  0.00946772 -0.00154781   -0.302784
669	 0.440624   5.17913 0.0933108	  0.483372   0.656269  -0.716335  -0.468197   0.183675   -0.65684 -0.0689257   0.944908  -0.237626  -0.320682
674	-0.913443   8.13917  0.177762	 0.854488 -0.774124  0.420991  0.731395 -0.417257 -0.484526  -0.71238  0.153539 -0.124107  0.247022
689	-3.13467  1.80865  1.79316	  0.868939  -0.460964  -0.495288 -0.0234739   0.727218   0.140046  -0.762902  -0.280592   0.901549   0.901555
725	-2.19704  3.13151 0.684929	-0.767085 -0.762353 -0.734667 -0.921648  0.273257  0.394304 -0.850749 -0.751703 -0.462407 -0.225304
726	-1.68097  1.68026  1.01471	 0.962113  0.510301  0.538267 -0.692595  0.265316  0.622516 -0.779403 -0.892818 -0.886755 -0.855216
750	  -2.86114 -0.0781387  0.0743878	-0.392994 -0.473673  0.514505  0.252788  0.203432  0.547629 -0.653064  0.753707  0.678124 -0.193348
769	-3.77951 -2.53583  1.55506	-0.917059  0.713679 -0.601605 -0.289701 -0.308414  0.347654  0.773289  0.551553  0.641881  0.138551
780	 0.438719   6.99782 0.0131466	-0.986888 -0.215834  -0.31828   0.13573  0.968484  0.550821  0.496299 -0.823003  0.278877  0.961912
805	-0.432329   1.88291   1.67407	 0.358625  0.773204  0.533827 -0.189146  -0.85142   0.77479 -0.201936  0.898915 -0.785281  0.228532
820	 -3.18229 -0.527518   0.98428	 -0.703679  0.0281582   0.717622  -0.469453   0.493584   -0.27851  -0.353201  -0.418663   0.327913 -0.0937847
826	-0.102462   8.19914   1.06774	  0.520775  -0.210085   0.222426   0.539881   0.942201  -0.437068 -0.0124431   -0.74071   0.769863   0.624211
830	-0.468645   9.96093   1.51551	  0.847817  -0.354454  -0.921268   0.709636   0.820626   0.175159  -0.892965    0.98546    -0.9085 -0.0294335
832	-1.36676  4.86755  1.38139	 0.669425  0.965574 -0.356171  0.665518  0.723327 -0.508353 -0.688937  0.802059 -0.798718 -0.868311
847	-0.164145   5.59301  0.745047	 0.117484  0.480253  0.366144   0.95388 -0.761578 -0.733749 -0.345913 -0.859124 -0.818209  0.193215
854	-0.889533    3.7049  0.383654	  0.630696   0.140317   0.396989  -0.766425  -0.113419   0.991225 -0.0418938  -0.124469   0.244966   0.945166
856	-1.93741  3.77625  1.00245	0.0172131  0.648521  0.409823 -0.612297 -0.543306 0.0405188   0.52802  0.853683  0.274094   -0.5854
858	-2.04185   3.2415   1.9309	  0.505766   0.228551  -0.159189  -0.116608   0.727327   0.858024  -0.468087    0.13715  -0.754273 -0.0113927
863	-3.83299 -1.84903  1.90434	 -0.246518   0.316082  -0.100492   0.422176 -0.0457827   0.996911  0.0794767  -0.229979  -0.131938   0.579069
869	-1.31855  8.45371 0.140265	 0.426482  0.762388 -0.766821 -0.549322 0.0158664 -0.768497  0.556423  -0.89786  0.826175 -0.892971
877	0.71696 5.98006 1.26595	-0.698683  0.876748  0.746952 -0.954643 -0.131184 -0.989386  0.860171 -0.614945  0.406594  0.438314
916	 -2.9733 0.125263 0.941928	  -0.354016    0.235827    0.240315   -0.389806    -0.68944   -0.502793    0.667206    0.272352    0.884415 -0.00677508
937	-0.862394   3.13651  0.106664	-0.490627 -0.618222 -0.522979 0.0607089  0.514029 -0.241998  0.143917 -0.239433 -0.278874  0.510661
953	-0.412783   6.64927   1.80002	 0.0364577   0.555652   0.767362  -0.606662  -0.121735 -0.0609784  -0.443177   0.756868  -0.674452    0.77702
966	-1.07643  8.59514 0.636946	  0.704319   0.345159  0.0238279   0.561387   0.754055 -0.0416735  -0.728297 -0.0311136   0.726056  -0.582109
967	-0.208975   2.27761   1.10881	  0.209924 -0.0803279   0.416948   0.951345    0.10881   0.319688   0.554498  -0.358391  -0.745459  -0.432962
974	 -2.67271 -0.831674  0.134069	-0.481639  0.753411 -0.775592 -0.907704  0.494264 -0.479463 -0.436654   0.45908  0.509917 -0.426881
993	0.543283  7.01877   1.6304	 -0.204167    0.95429  -0.485235   0.731808 -0.0896459   0.364398  -0.274497   0.146474   0.378063  -0.303513
1	0.268018  9.04459  1.66478	 0.271423  0.434594 -0.716795  0.213938 -0.967399 -0.514226 -0.725537  0.608353 -0.686642 -0.198111
450	1.29976 6.11083 1.33623	   0.437861    0.226384    0.663394   -0.570037    0.967678    0.514457 -0.00571609   -0.841966    0.862367    0.694664
495	0.530477  2.50627  1.68562	  0.230124   0.670537  -0.112265   0.448592  -0.477599  -0.655942   0.987854  -0.599509 -0.0770482    0.11251
585	 0.31286  8.91587 0.743232	-0.946435   0.62818 -0.120741  0.771118  0.268833  0.396329 -0.560216  -0.68318  0.259331 -0.886926
644	-0.358672   1.18551   1.48467	  -0.507558   -0.116429   -0.559142 9.65595e-05   -0.172068   -0.776583    0.837145   -0.910866    0.876236    0.424918
806	 1.1637 3.09098 0.04023	    0.8396 -0.0115108  -0.542699  0.0880128  -0.685314  -0.338185   0.367926  -0.372283  0.0861604 -0.0940711
997	 1.38236  3.42996 0.112917	  0.957896  -0.947002 -0.0411545   0.833408  -0.436345 0.00909197   0.639122   -0.87136  -0.238784   0.629636
39	0.947942  4.77919  1.72994	 -0.533762   0.853152   0.102886    0.86684 -0.0111862   0.105137   0.878258   0.599291   0.628277   0.188995
205	0.409636  9.21737  1.07944	 -0.82374 -0.236689 -0.188512 -0.769172  0.497672  0.153202  0.190203 -0.671276  0.381834  0.115238
303	0.0131726   1.57754  0.554051	  0.148815  -0.810304  -0.581444  -0.931634  -0.092654   0.538602   -0.43365 -0.0860901 -0.0283009  -0.388461
387	-0.12049  1.17185  1.04783	 0.697444 -0.710744  0.545737  0.955667 -0.757362 -0.184818 0.0458717 -0.953967  0.629629  0.681943
393	 1.38052  6.59159 0.431961	 0.558383 0.0892488 -0.280181  0.293521  0.953542  -0.13568 -0.667779  0.138626  0.761403 0.0176166
464	 1.19733  6.76293 0.123612	-0.0271644  -0.938594  0.0233461  0.0937692  -0.480435   0.147365   0.414446   0.454165   -0.62307   0.198851
506	0.807092   2.4654 0.732419	 0.0570979   0.298157 -0.0329808  -0.586699  -0.951868  -0.636283  -0.695073  -0.596589   0.738513   0.521662
541	 -1.08128 0.0993681  0.153689	 0.363751 -0.810184  0.846111 -0.298946 -0.642631  0.692483  0.774198 -0.594429 -0.972962  0.256381
607	 -1.53317 -0.432456 0.0506119	 0.857771  0.365062 -0.315899  0.110394 -0.381549 -0.394416 -0.410487   0.22923  0.941711  0.766937
883	-0.366193   1.02502  0.424703	 -0.228695  -0.253224   -0.72205   0.963305   0.265201   0.597859   0.578917   -0.32015   0.210408 -0.0402983
888	-2.92488  -2.3625  1.92362	-0.673224  0.738515  0.465692  0.524957  0.393131 -0.896395  0.682839  0.924648  0.158043 0.0180768
978	 -1.37008 -0.252556  0.551642	 0.847127  0.669788  0.269063  0.935854  -0.81944  0.381526  0.121651  0.424061 -0.589178  0.374483
31	0.597985  1.90091 0.552333	 -0.391429   0.777447 -0.0468307   -0.66036   0.219458  0.0514942   0.237851   0.192392  -0.532688   0.659617
505	1.41389 6.79699 1.00618	 -0.645631  -0.234013   0.220104   0.247822  -0.799595  -0.480147  -0.845421   0.909552  -0.478063 -0.0129028
881	0.655984     1.92 0.963149	 0.319909  0.615612  0.414649  0.612549  0.380785 -0.802948  0.206118 -0.782346 -0.422539 -0.567341
924	0.662093    8.705  0.41533	 -0.452965  -0.515122   0.268808   -0.40809 -0.0404977  -0.108878  -0.980781 -0.0421047   0.805151  -0.197431
944	 -0.919588 -0.0170875    1.26167	  0.541749  -0.497136  -0.277354  -0.555318   0.689805 -0.0480154   0.130868   0.317116   0.462769  -0.639126
958	 -1.49215 -0.743943   1.87773	-0.460583 -0.887011 -0.803478 -0.215128 0.0572398 -0.342544 -0.192652 -0.238265  0.445713 -0.914156
972	1.57374 5.73936 1.48171	 -0.703872   -0.52895   0.964815 -0.0106197  -0.990227  -0.556681   -0.75033  -0.302126  -0.698704   0.704034
990	0.387522  9.53802  1.26903	 0.626775  0.684412  0.858377  0.728922 -0.125648  0.253674  0.554018 -0.745404  0.741505 -0.747587
21	 1.86423  3.33113 0.844889	 0.551535 -0.423241 -0.340716 -0.620498  0.968726 -0.992843  0.654782 -0.337042 -0.623598 -0.127006
37	 2.37917  4.00602 0.271324	-0.997749 -0.988582 -0.389522 -0.476859  0.310736   0.71511 -0.637678 -0.317291  0.334681  0.758019
240	1.27101 2.33911  1.2199	-0.530628 -0.612642  0.611599  0.810904  0.798053  0.720474 -0.521382 -0.721557 -0.992283  0.651193
320	 2.24826  5.22367 0.179338	    -0.11852     0.658588     0.986127   -0.0218225     0.586611     0.160737   -0.0157173 -0.000238776     0.189437     0.294118
352	-0.887179  -0.20472  0.612616	 0.557441  0.358546  0.410345 -0.735391  0.574247  0.676651 -0.634387  0.555139 -0.134072  0.830405
491	0.262264  1.22571 0.829212	-0.818872  0.828541 -0.317489  0.568303 -0.477678  -0.14722  0.545934 -0.295492 -0.263617  0.721796
720	-2.61249 -2.32453  1.47126	 0.356614 -0.573021  0.445456  0.346258 -0.773101 -0.989985 -0.607182 -0.888886  0.521174 -0.774538
894	 -2.7479 -2.47506 0.841646	  -0.247127   -0.567394 -0.00685626    0.735985    -0.63099   -0.692812    0.841444   -0.346896   -0.980197   -0.879196
962	-1.94064 -1.66769 0.871744	 -0.204616  -0.266026   0.881517  -0.779395  -0.809792 -0.0563513    -0.4894  -0.502774 -0.0686135  -0.138268
984	1.31957  7.4917 1.68677	-0.428851  -0.79993 -0.943686 -0.541451  0.495974   0.58049 0.0557716  0.479026 -0.539958 -0.647828
92	 -1.03154 -0.834629  0.789679	 0.173073  0.751864 0.0296977  0.943636  0.307519  0.289024  0.969959  0.597412 -0.220667 0.0310637
156	 1.03362  1.89559 0.904747	 0.275465  0.551331  -0.69478  0.369597 -0.834865   0.96063  0.145526 -0.728911 -0.935632 -0.100276
245	-0.611731 -0.188382  0.968573	-0.616979  -0.39542  0.435901 -0.694166  -0.49356  0.395233  0.879839 -0.653823  0.198238  0.781436
435	0.788128  9.25601 0.422135	-0.774835  0.314731 -0.046711 -0.359641  0.538494  0.994349 0.0419562 -0.863106   0.19074 -0.984009
438	1.31696   7.951 1.22203	-0.677564  0.811091 -0.649315  0.980512 -0.279833  0.695432  0.848172  0.918068  0.369954  0.993716
458	 2.03336  6.04576 0.848916	-0.789868  0.198694 -0.779928  0.349745   0.55264  0.419134  0.764037 0.0928183  0.914636 -0.586214
691	 -0.92952 -0.538903  0.925575	 0.577675   0.98504  0.223746 -0.241459  -0.91154 0.0926845  0.297577 -0.406828 -0.930789 0.0247947
876	-0.309773 0.0979447     1.919	  0.43138 -0.660551  0.898652 -0.217473 0.0395367 -0.977929 -0.961671  0.341561   0.88618  0.300928
880	-0.158929  0.437144   1.02206	-0.609299 -0.517972 -0.271535   0.65277   0.55341 -0.236703 -0.331228  0.593814  0.807924  0.644273
968	1.49378 3.79474 1.61185	 0.0707698  -0.385812  0.0864311  -0.069716    0.93266   -0.20925  -0.724557 -0.0435116  -0.647863  -0.970503
7	 1.7728 3.14608 1.43471	  -0.12088    0.84794  -0.203127   0.629534   0.368437   0.821944 -0.0350187   -0.56835   0.900505   0.840256
77	2.80736 4.34183 0.15973	0.0822792 -0.988314 -0.462632 -0.616739  0.386741 -0.111805  -0.52728  0.306173  -0.56169 -0.301352
176	0.829643  1.43509 0.611324	    -0.736   0.835434  -0.133772 -0.0382378   0.376799  -0.447313  -0.910408   0.256382   0.704783   0.116574
216	-0.692213 -0.715836  0.966347	  -0.670692   -0.928305    0.853177   -0.802067   -0.557659   -0.862373   -0.336166   -0.248872 -0.00929081    0.853498
262	-0.558013 -0.716819   1.27195	0.0617849  0.340304 -0.315476 -0.559083  0.948404  0.971187 -0.935924 -0.355861  0.405282 -0.384058
591	 1.62831  2.38396 0.875546	 0.988993 -0.644176  0.621343 0.0971595 -0.440802 -0.269265  0.944689  0.218569  0.014178 -0.536388
908	-0.499658 -0.787364    1.9825	 -0.98383 -0.923996  0.950221 -0.700206 -0.702167    0.9922  0.590282 -0.801692 -0.567363  0.251796
929	 0.9636 1.46623 1.16065	-0.855068 -0.290085 -0.258897  0.212723  0.231102  0.707033  0.083084 -0.194724 0.0889554  0.197064
36	  2.36894   2.85385 0.0740595	-0.198582 -0.275691  0.437734  0.603793  0.355625 -0.694248 -0.934215 -0.872879  0.371444 -0.624767
78	0.287033 -1.47177  0.62592	-0.899067  -0.81136   0.61871  0.758025  0.973287 0.0425216  -0.43144 -0.639727 -0.281507 -0.122019
109	  0.258828 -0.0430644   0.244304	 -0.476233   0.886163  -0.826808  -0.415585    0.49846 -0.0518749   0.721174   0.609281  0.0167388   0.270492
123	0.652932 -1.29568  1.87147	 0.158988 -0.817372 -0.236476  0.356703  0.852729  0.688964  0.244428 -0.225978  0.367666 -0.607144
132	 2.04061  1.75782 0.818763	 0.231871 -0.929972 -0.924136  -0.07587 -0.734885  0.861307 -0.815021  0.280225  0.855412   0.68208
159	 1.50406   1.1252 0.669175	 0.214773 -0.987756 -0.900134 -0.153244 0.0436689  0.109778  0.978118 -0.316755 -0.404618 -0.761552
165	 1.16946 0.521239 0.929555	  0.475223  -0.779634   0.428466   0.599356  -0.722633   0.633335  -0.626099   0.820523   0.379017 -0.0113657
200	0.497568 -1.06702  1.34238	 -0.451329  -0.732726   0.657442   0.338354   0.232325   0.559229 -0.0807291   0.892786   0.990505 -0.0951923
364	0.526205 -1.68587 0.585544	  0.103495   0.783474   0.664873  -0.621319   0.914055  -0.508061  -0.570094  -0.885257   0.098447 -0.0132022
425	   0.859445    -1.28402 0.000986099	-0.439906 -0.372207   0.37385 -0.475829 -0.563808 -0.651901 -0.125317 -0.938749  0.893639   0.85237
454	1.86233  2.9644 1.52909	-0.896303  0.966829  0.650354 -0.445509  0.621863  0.735537  0.789661 -0.593126  0.431804  0.356717
568	0.113889 -1.78038 0.555672	-0.966459 -0.636573  0.978231 -0.647857  0.393729  0.538728 -0.966727 -0.821981 -0.738099  0.140824
617	0.428742 0.202464  1.74666	0.0398898 -0.821094  0.262062  0.145971 -0.539264 -0.937461 -0.201109  0.309587 -0.812372 -0.618913
658	 2.25949  2.32124 0.339235	  0.372091  0.0743567 -0.0935449  -0.313566   0.182262   0.992905   0.618629   0.611527  -0.794545    0.53586
661	 0.867562 -0.664287   1.40534	 0.292211 -0.530569   0.41876  0.403501  0.106824  0.133905 -0.912969 -0.746562  0.226235  0.414595
752	    0.819 -0.206126   1.53089	 0.810964  0.806817  -0.52067  -0.19685 -0.155989 0.0863359  0.329478 -0.641484 -0.660876  -0.46709
776	0.241947 -1.41046  1.78991	 0.907782 -0.113279 -0.162403 -0.535625  0.675651 -0.854089  0.385558 -0.426602  0.803272 -0.777114
794	0.794119 -1.14907 0.612384	 -0.41409  0.438827 -0.325616 -0.642949 0.0342573  0.656161  0.470606  -0.49384  0.146997  0.493546
841	0.592527 -1.17019  1.37809	 0.154986   0.91094 -0.908109  0.919285 -0.378032 0.0937729 -0.300177 -0.206379  0.229604  0.488099
843	1.44285 0.15434 1.67784	-0.425756 -0.181035 -0.101826  0.457224  0.129919 -0.946841  0.368164  0.221809  0.972445  0.990132
878	 2.17437  2.62069 0.142763	 -0.965168  0.0160025  -0.959596  0.0446268 -0.0244993   0.471784   0.384076  -0.125848  -0.745689  -0.576388
927	 1.60779 0.677913 0.957627	  -0.03407   0.870361   0.574175   0.381922   -0.88602   0.373035 -0.0171531  -0.378772   0.737805   0.922747
942	 0.918109 -0.970675  0.373882	-0.770661 -0.313814  0.627311 -0.489216  0.230006 -0.211193  -0.69711 -0.953315  0.978288  0.431521
979	1.85923 1.93529 1.70345	0.0400809  0.470501   -0.1505  0.457585  0.206553  0.357194 -0.551792 -0.154997  0.624475 -0.290177
14	   1.5886 -0.948483   0.74955	 -0.80072 0.0616159  0.514588  -0.39141  0.984457  0.153942  0.755228  0.495619   0.25782 -0.929158
44	2.81533  1.9456 1.10959	 -0.560424   0.260486   0.847025   0.475877 -0.0742955  -0.122876   0.701173   0.905324   0.897822   0.798172
110	 1.93904 0.897708  1.30068	 0.852588  0.948997 -0.608924 -0.319949 0.0753195 -0.711507 -0.573756  0.585132  0.723517  0.226092
113	2.47403 2.06822 0.59564	-0.0290799  -0.567086   0.587757  -0.891572   0.525357  -0.347806  -0.904516   0.643684  -0.287676 -0.0396132
148	2.29937 2.14853 1.80507	 -0.109843   -0.26309  -0.199704   0.541194 -0.0732437  -0.203421   -0.98106   0.243388   0.928497  -0.641563
169	 2.58941  1.28083 0.826088	 -0.580536    0.47454   0.725557  -0.258271 -0.0866607   0.488779   0.339743   0.469085  -0.695875  -0.527021
184	 1.38396 -2.07818 0.582772	-0.245246  0.495884  -0.38984 0.0324059 -0.598306 -0.282545 0.0978761 -0.371891 -0.404303  0.351501
301	   1.4153 -0.804496  0.564699	 0.120047 -0.502016 -0.993436  0.433097  -0.95481 -0.670471 -0.602135  0.494314 -0.733372 0.0666969
344	-2.87288  7.58822 0.216127	 -0.467904  -0.247613   0.108737  -0.685334   0.862874   0.784842  -0.350078  -0.368495   0.676061 -0.0805489
367	2.15925  1.1438 1.85807	 -0.685628  -0.898822   0.895947   -0.43948  -0.480146   0.686717  -0.338598 -0.0455099  -0.557105  -0.786587
519	 2.19457 -0.10745  1.80331	 0.384653  0.440501   0.56344  0.156334  0.709064 -0.828902 -0.884813  0.884342 -0.333832  0.469616
655	 2.52565  2.04131 0.362039	  -0.1118  0.694693  0.456766   -0.5967 -0.577949 -0.451614 -0.955974 -0.687135 -0.853858  0.842232
667	 2.37009 0.484318  1.05481	-0.940505 -0.600729 -0.238767 -0.580786  0.748244  -0.73098 -0.496437  0.723859  0.554307  0.406393
777	  2.21842 -0.517669  0.820017	 -0.618019   0.647359  -0.295216   -0.46367   0.597632  -0.260034  -0.304197   0.560956 -0.0307597  0.0843846
797	 1.31235 -1.62764 0.973823	 -0.721768  -0.669218    0.72027  0.0638728   -0.20832  -0.557752 -0.0664786   0.539931  -0.103922  -0.309206
989	  2.80056   1.64033 0.0454248	 -0.684991   0.304373   0.477344  -0.594265 -0.0762612  -0.562557  -0.151368   0.511633   0.531866   -0.49773
6	 2.79958 -2.91903 0.751446	-0.668052 -0.119791   0.76015  0.658402 -0.339326 -0.542064  0.786745  -0.29928   0.37334  0.912936
17	3.02264 0.21372 1.88586	 -0.439916  0.0922137   0.438537  -0.773439 -0.0570331    0.18508   0.888636 -0.0981649  -0.327298   0.695369
38	  3.0661 -3.73541  1.54006	  -0.62747  -0.685722 0.00692201   0.657915   0.351308    0.80834  -0.617777  -0.210957   0.412133   0.737848
57	 2.90268 -1.13322 0.923911	 0.406373 -0.334216 -0.570952  0.518417 -0.483777  0.367148 -0.967645  0.690246  0.704822  0.201525
64	 3.36651 0.577697 0.750626	  0.886444   0.536411  -0.755827   -0.92347  0.0298719    -0.2014  -0.576869 -0.0947003  -0.679676  -0.383506
119	 2.51193 -2.46738 0.521405	 -0.39555 -0.433723  0.819057 -0.364152  0.784636  0.457805  0.913222 -0.491135 -0.781326  0.395482
179	 3.01513 0.442374 0.612371	0.00629616  -0.839189  0.0844932   0.801791   0.703573   0.366906  -0.338707  -0.797893   -0.21148   0.787819
193	-3.76795  7.18657 0.834489	  0.991824  -0.773453   0.990597   0.807324   0.500465  -0.895665   0.956335   0.613386   0.848036 -0.0643535
198	  3.28632  -2.10317 0.0698982	 0.901787  0.580917  -0.33954 -0.568724  0.985537 -0.796094  0.896412 -0.939148 -0.705186  0.321051
202	 3.28876 0.397207  1.60297	-0.551324 -0.194272  0.248272  0.341975  0.134538  0.796943  0.609249  -0.20802  0.135297 -0.158426
208	-3.13073  5.96595 0.888431	-0.931239 -0.288167 -0.892933 -0.112806 -0.270413  0.814619  0.933737 -0.626856  0.735955  -0.82676
280	  3.5183 0.316381 0.171394	 -0.241978   0.143178   0.553871  -0.138676  -0.320796  -0.377717   0.822066   0.838351 -0.0976505   0.778525
296	  2.47202 -0.998851   1.69002	-0.00636399   -0.584575    -0.36393    0.304101   -0.193619    0.603205   -0.665466    0.968772   0.0340513   -0.348282
313	  3.19653 -0.487171   1.99062	  0.116608   0.331907    0.15694   0.105878   0.469364   0.693325   -0.42406  -0.605678 -0.0889612   0.407338
315	  3.4996  3.01432 0.527974	-0.843146 -0.360448 -0.944335  0.108137 -0.365138  0.172273 -0.559957  0.791802 -0.721849  0.909408
319	 3.2659 -0.7038 1.31052	-0.964424  0.242944  0.598827 -0.235542 -0.715353  0.159202  0.696964  -0.32369 -0.978992  0.365484
398	 2.52826 -1.17059 0.287179	-0.831256  0.884638 -0.658704  0.416883  -0.97504  0.587585  0.682639  0.882647  0.299235 -0.713947
448	  3.31508 -0.078975  0.517411	 0.851063 -0.435679 -0.809644  -0.65209  -0.29962   0.71618 -0.402194  -0.71381  0.632019 -0.394802
463	 3.28669 -2.28948  1.99365	  0.555612 -0.0635031  -0.323061   0.546593   -0.80524   0.271691   0.951359  -0.810283  -0.756589  0.0700127
469	  2.71417 -0.891737   1.46664	-0.0936731   -0.83534   0.944794   0.955683  -0.127341  -0.466801   -0.79611   0.778958   0.193467   -0.89758
532	 3.22288 -2.46104 0.964956	-0.849612  0.374344  0.802779   0.84319  0.718721  0.747208  0.211618 -0.477605  0.935741 -0.463259
534	-3.30831  7.01326 0.840593	 0.282838  0.387939 -0.257415 -0.963266 -0.129583 -0.107027  0.411077 -0.326804 -0.263838  0.129798
557	-3.89491  8.45994 0.334522	   0.755728    0.199961     0.50926   -0.314099   -0.709067   -0.204749   -0.964807    0.602088    -0.17431 -0.00431347
573	  2.80226 -0.223019   1.42597	 0.893951 -0.240427  0.252159 -0.459052 -0.280533 0.0532347  -0.67123 -0.990219 -0.309295  0.608814
639	 2.78527 -3.94144 0.384559	 -0.779996   0.813062  -0.357626  -0.359384   0.784124   0.647352 -0.0206546  -0.820658  0.0840378  -0.670606
663	-3.73358    7.775 0.363037	 0.941584 -0.536698  0.905238 -0.124844  -0.23937  0.197449  0.344587  -0.82061  -0.39905 -0.548589
664	 3.13295 -3.12019 0.590303	-0.460469 -0.897424  0.301542  0.897874 -0.258667 -0.357734 -0.390877  0.389051 -0.177514  0.350839
815	 3.00626 -1.33012  1.79279	 0.101442 -0.220784  0.970955 -0.306813  0.708938  0.611461 -0.380323 -0.615484  0.794105  0.882025
821	  2.7576 -3.17465 0.635626	 0.397959  0.311063 -0.637894 -0.933105  0.925535 -0.174256  0.488085 -0.817715 -0.415788  0.428571
867	 3.03312 0.241959 0.506957	  0.998324   0.105745  0.0862737   0.594672  -0.449394 -0.0394911    -0.7548  -0.387831   0.649842 -0.0564423
909	 -3.4054  6.95298 0.919712	-0.308187 -0.691931 -0.222562 -0.426025  0.071906  0.035627 -0.357226  0.176206 -0.405154 -0.163971
910	 3.13566  2.77277 0.987878	  -0.931117     0.63372    0.456095 -0.00985324    0.642471    0.472266   0.0661508    0.592692     0.77206    0.363984
963	 3.43662 0.321133 0.818773	-0.0250311   -0.80992  -0.385503   0.413624  -0.890219    0.26532   0.938122  -0.916241  -0.188038   0.485644
971	  3.31545 -0.354025  0.722628	   0.683682 -0.00590533    0.276129   -0.692478    0.992478  -0.0830001    0.349253    0.969964    0.785632   -0.163421
304	2.43439 3.69564 1.78829	 0.510067 -0.563739 -0.407935 -0.382448  0.990447  -0.20944  0.699701   0.53523 -0.538621  -0.42421
327	 3.79536 -3.40211 0.583205	-0.335786 -0.976615 -0.252671  0.866443  0.314528  0.542723 -0.427168  0.693954 -0.337934  0.783143
882	 3.55841 -1.65382 0.812304	-0.460616  0.960591 -0.609741  0.583099  0.471618  -0.21904 -0.934873 -0.799917  -0.56627  0.618537
903	 3.52323 -4.15104 0.898397	  0.803224   0.547991   0.978295   0.786134 -0.0112064  -0.710838   0.217488  0.0670888   -0.89949 0.00686336
42	 4.01821 0.363014  1.33044	 0.0300982  -0.774704   -0.02038  0.0206981  -0.903001   0.628703  -0.230683   0.275313 -0.0957552  -0.712036
53	 3.23583  3.99574 0.689535	 0.778687  0.293424 -0.317035 -0.899664  0.533402   0.60666  0.397426  0.363843  0.808374 -0.374121
158	3.00153 3.35119 1.56286	 0.488299  0.432182  0.321931 -0.322143 -0.115444 -0.402603 -0.770812  0.189775  0.966994 -0.605677
286	 3.97146 -2.18868  1.34835	-0.760072 -0.486215 -0.436706 -0.224026  0.050745   0.34627  0.881768 -0.887554 -0.954168  0.720592
353	3.93201 1.40514 1.08755	  -0.53821  -0.241297   0.966817  -0.299916  -0.308494   0.319435 -0.0608006  -0.557971  -0.426072   0.118989
709	 4.08471 -1.95421 0.556093	 0.937153 -0.879094 -0.981195 -0.979103  0.494458  0.812171  0.773809  0.502087  0.177656 -0.485632
928	  3.9209  1.28746 0.836799	-0.160221  0.886654 -0.824488 -0.898695 -0.269928 -0.576077 -0.690181 -0.360302 -0.457166  0.310668
89	  3.5064  4.47951 0.142429	 0.576463 -0.646687 -0.349646 -0.331968  0.275812 -0.635994 -0.512945 -0.950849 -0.723773 -0.164673
430	-3.61532  8.64642  1.17914	-0.018653  0.522761 -0.786063 -0.801091   0.24213 -0.268059  0.268841 -0.165368 -0.123296  0.986404
581	   4.07335    3.45932 0.00924873	-0.682051 -0.490977 -0.294158  0.970024 -0.958249 -0.130992 -0.135839 -0.769444  0.882317 -0.136955
629	4.22821 -2.3013 1.34516	-0.427359  0.775921  0.652124 -0.909509  0.958261 -0.279309  0.999391 -0.668829  0.181551 -0.796148
885	 4.26556 -2.79193  1.84255	  0.860286  -0.660656  -0.115345 -0.0372115   0.551696   0.655959   0.709564   0.829646   0.619264 -0.0252347
84	 4.43645 -2.98989  1.48811	-0.429702  0.105475   0.35051  0.915419  0.248119  0.275612 -0.134254 -0.982863  0.992083 -0.272545
446	 4.49061 -5.03154  1.72788	   0.525824   -0.750104     0.58581    0.915839   -0.992607    0.170148    0.987469    0.471293    0.532874 -0.00330192
731	 4.42822 -5.07232 0.294884	-0.315732  0.371601  0.340217 -0.853689 -0.642385   0.94112  0.753138  0.795748  0.562694 -0.821316
886	4.27505  1.9818 1.30923	-0.362087 -0.842118 -0.468483 0.0544382  0.335238  0.985881  0.903623  0.868435 -0.725138 -0.841041
905	3.40463 3.01031 1.75109	 -0.96694  0.123211  0.476778 -0.382044  0.674013  0.280002 -0.834053  0.652308 0.0661361   0.15474
35	 4.74815  -4.7911 0.598636	 0.104633  0.839182  0.371973  0.619571  0.395696 -0.376099  0.291778  -0.98799 0.0659196  0.687819
160	-2.7878 8.47583 1.69063	-0.00144476    0.348258     0.14547   -0.666326    0.566827   -0.366232    0.765857   -0.111242    0.311625   -0.349588
259	 4.55172 -1.80627 0.748604	 0.193008  0.666363 0.0927851  0.475111 -0.423348 0.0427716  -0.72605  0.435016 -0.882414 -0.588014
290	   4.4841 -0.630453   1.12061	-0.672914  0.829044 -0.769119  -0.49239 -0.674706  0.514999 -0.895023 -0.781311  0.580249 -0.971832
681	  4.5857    -0.94 0.747032	-0.274985  0.572889  0.186375  0.444509 -0.758508  0.172914 -0.800205  0.427282 -0.126281 -0.855589
804	 4.37186  2.48413 0.652394	-0.795487 -0.720086 -0.686969 -0.575654  0.538002  0.703765 -0.111635  0.464928  -0.56808  0.136501
59	 4.73494 -3.12081 0.560231	 -0.912169  -0.952274  -0.989848 -0.0254917  -0.414229   0.416525   0.640292  0.0148191 -0.0650582  -0.843484
267	-3.21885  8.92923  1.44806	-0.172969 -0.931947  0.599833 0.0400231 -0.112678 -0.119083  0.868957  0.994903 -0.471001 -0.800306
325	 4.55727  2.02229 0.582285	-0.204606 -0.293611 -0.620574  0.119343  0.210311 -0.342854  -0.26259 -0.476689 -0.585566 -0.981845
343	  4.4645   4.0792 0.296302	-0.0194843  -0.958109  -0.362872  -0.836531  -0.210987 -0.0851599   0.281379  -0.904037   0.576295  -0.434178
603	 3.5739 4.14644 1.39661	  0.99532  0.590263  0.711488  0.269044 -0.808145  0.399902 -0.867165  0.794583 -0.559657  0.663432
697	 4.69923 -2.13747 0.859085	 0.171102 -0.768509 -0.490057  0.945664  0.498485 -0.759256 -0.273491 -0.145119 -0.192172 -0.816709
837	4.60625 1.33949 1.98452	-0.096301  -0.22972 -0.509116 -0.342164  -0.79133  0.175313 -0.456338 -0.375722 -0.831941 -0.453364
54	 5.04957 -4.04134  1.23748	-0.621873  0.182221 -0.893121 -0.797092  -0.68545 -0.511703 -0.727659  0.178237 -0.883895  0.779106
316	 4.85127 -1.45908  1.39254	 -0.603834  -0.738571  -0.941274  -0.496732  -0.467398 -0.0419701  -0.382965  -0.167471  -0.291014  -0.686677
588	  4.92144 -0.328533  0.188298	-0.248526 0.0802202 -0.411392 -0.617169  0.572425  0.607324 -0.572037   0.31277 -0.173838  0.117428
771	  4.82244 -0.711023   0.32094	 0.212909 -0.414764  0.782519  0.959326 -0.637233  0.865461  0.673005 -0.238837  -0.42424 -0.635409
939	4.74527 1.36599 0.69263	-0.426205 -0.741321  0.567446  0.887447  0.205347 -0.923181 -0.730775  0.682368  0.137528  0.783253
106	 3.83491  5.37609 0.107308	-0.209368  0.978966 0.0665052 -0.121585  0.435557  0.159531 -0.183166   -0.9717  0.497884 -0.109531
115	 5.0587 1.22121 1.59023	 -0.713552  -0.760832   0.452289   0.493271 -0.0586519  -0.576791   0.926184  -0.470895  -0.468363   0.451542
396	4.84886 2.48139 1.71935	 0.246289 -0.734244  0.857687  0.711649 -0.396586 -0.335372 -0.788246 -0.406796  0.361242  0.623127
627	3.24706  5.1785 1.63532	0.0685669  0.908901  -0.62709 -0.539141 -0.795539  0.340603 -0.816152 0.0334333  0.288366  0.618877
846	 4.90462  3.02086 0.172467	  0.462907   0.292218   0.401816  -0.864825  -0.924028 -0.0529982  -0.704459  -0.271302  -0.372097   0.223167
45	 5.34027 -3.32862  0.14697	 -0.561728 -0.0448976   0.899641 -0.0676628   0.768636   0.934554  -0.632469  -0.083922   0.560448   0.532895
120	5.19543 2.18711 1.33994	-0.976509  0.160097  0.687787 -0.546377  0.630587  0.577181 -0.664703  0.282376 -0.906305  0.312197
170	  5.00054   3.39837 0.0693624	 0.130379 -0.347084  0.229718  0.134605  0.786518 -0.196228 -0.872535  0.736948  0.437662  0.714286
571	 5.39175 -3.53002  1.91979	 0.801076  0.787821  0.290315   0.63747  0.280045 -0.695697  0.927979 -0.375611  0.535947 -0.284564
646	  5.26066 -0.594591  0.356881	-0.336279  0.631708  0.785692  0.782272  0.374045 -0.721866 -0.334157  0.814903  0.278231  0.493775
678	 2.0515 6.54284 1.59679	-0.797586 -0.908234 -0.373983 -0.405675 0.0238745 -0.960727 -0.913834 -0.135361  0.266446 -0.333111
935	 5.30353 -4.48665 0.264503	 -0.719019  -0.916792   0.246538   0.963125  -0.633256   0.512292   0.306858   0.825865  -0.760669 -0.0481229
3	 5.42715 0.534899  1.07966	-0.199543  0.783059 -0.433371 -0.295083  0.615449  0.838053 -0.860489  0.898654 0.0519907 -0.827888
206	 5.51283 -1.81566  1.96449	 0.707552 0.0465425  0.643557  0.921335 -0.760497 -0.668131   0.71857  -0.23866   -0.9401  0.714319
920	 5.23769  2.91714 0.712082	  -0.9033  0.696812   -0.3423 -0.349221 -0.425908 -0.177421  0.820038 -0.845958  0.999984  -0.53974
134	4.57277 4.22869 1.54313	-0.320536  0.102604  0.432494  0.855246  0.693223 -0.335636  0.925274  0.769087  0.588494 -0.809611
174	 5.60566 -3.02237  1.08273	 0.686459   0.12783  0.879583  0.152096 0.0269817 -0.478074 0.0907115 -0.573812 -0.495895 -0.935992
509	 5.67171 -4.28978 0.747561	 0.305684 -0.907316 -0.316612  0.692226  0.810072  0.842731 -0.436599  -0.33115 -0.318227  0.931486
533	  5.58998 -0.819219   1.49912	 -0.689763  -0.197455   0.600062  -0.265944  -0.730354   -0.73325   0.596232  -0.258049   0.675264 -0.0269231
898	 5.42776  1.14766 0.135163	 0.813511 -0.610904  0.266864 0.0363978 0.0707968 -0.301128  0.532009 -0.522292 -0.116626  0.448443
947	2.02091 6.99652   1.435	 -0.33514 -0.939474  0.823421 -0.569482 -0.531915  0.907633  0.627697 -0.748802 -0.860526  0.724962
140	5.24343 3.81462 1.24525	-0.484123 -0.101959  0.631811  0.100988  0.821452 -0.758332  0.377152 -0.607818 -0.358456  0.887305
892	  5.72321 -0.168881   1.87281	  0.314044  -0.894541  -0.715906   0.712615   -0.72064   0.685969  -0.680273   0.160772   0.851594 -0.0349736
373	  6.01511  -3.81134 0.0624222	 -0.435928   0.828931 -0.0142737  -0.339049    0.42988   0.542055 -0.0487353   0.727505  -0.320059  -0.841002
717	4.76202 4.75793 1.36868	 0.973209  0.656893 -0.909723 -0.257887 -0.357633 -0.704345 -0.648674   0.72541 -0.382137  0.659432
897	2.16766 7.37213 1.27844	 0.236569  0.858017  0.978294  0.576099  0.139594  -0.83104 -0.119346 -0.209869 -0.884639  0.261229
911	5.84892 3.62342 1.12459	-0.982471 -0.385862 -0.778247  0.712827 -0.926006 -0.086434 -0.979104 -0.148568  0.487541 0.0928016
49	5.90463 2.78018 1.86273	 -0.689327  -0.414222   0.764408  -0.267944   0.798863   0.495275 -0.0483887  -0.454026   0.893281  -0.755348
157	4.34453 6.31983 0.06285	0.00991201   0.131362   0.639576   0.485604   -0.73967  -0.962024   0.252202   0.606869  -0.722665   0.500674
403	 6.15639 -1.84221 0.424226	 0.190165  0.666708 -0.509278  -0.55267 -0.599717  0.492793  0.990549  0.681135 -0.994149 -0.586974
866	5.94777 3.16697 1.45931	-0.537161 -0.104235  0.767242 -0.609602  0.661625  -0.24364 -0.144066  0.391348 -0.441663  0.917017
926	 5.93912  2.61526 0.313165	 -0.751589  -0.791486   0.909627  -0.881089 0.00084877  -0.543338  -0.396211  -0.730343  0.0485721   0.563291
75	 6.17234  3.00981 0.750108	-0.649174 -0.910541  0.919433  0.550115 -0.774071   0.72253 -0.585487  0.988392 0.0722291  0.335817
276	    6.2312    2.11655 0.00856721	  0.531855  -0.683572  0.0752114 -0.0770754   0.254499 -0.0478764   0.292591  -0.635768  -0.449296    0.73695
768	 6.30418 -1.25103 0.943204	0.0649189 -0.179069  0.213072  0.375913 -0.723676  0.258259 -0.208918   0.43046  0.730665  0.656339
868	 4.27213  6.55256 0.917154	  0.664433  -0.385111    -0.8638 -0.0188704  -0.655458  -0.400961   0.876895  -0.888216 -0.0105632   0.538519
82	6.06453  3.4512 1.71471	  0.925102 -0.0496722  -0.230982  -0.283529   0.861709   0.833702  -0.793513   0.801793   0.751209  -0.616456
161	4.86155 5.40813 1.68038	   0.453149    0.935137 -0.00940692   -0.434331   -0.399451   -0.794634   -0.422087   -0.299585   0.0521224    0.621582
224	6.61528 -3.5474 1.09253	 0.935452 -0.559892 -0.752325  0.441175  0.377085 -0.415874   0.38997  0.463914  0.125731 -0.119687
456	 6.4453 1.39613 1.29211	 0.199062 -0.585708  0.540179 -0.504498 -0.350252  0.643875 -0.537669 -0.699898 -0.801634 -0.915805
217	 6.74908 -2.44807  1.86205	-0.380078  0.307574 -0.981295  0.219472  0.211274 -0.992276  0.662646 0.0984751 0.0529006 -0.754404
340	6.58145 2.15115 1.86855	 0.427898 -0.388001 -0.687436 -0.101055  0.798478 -0.135643 -0.687554 -0.449847  0.534066  -0.36603
449	4.56338 6.19488 1.84702	-0.0107875  -0.383813   0.818915  -0.508941 -0.0715201  -0.545878    0.53333 -0.0153535  -0.329715  -0.215624
518	 6.78082 -3.36061  1.46845	-0.950739 -0.958014  0.271929  0.861333   0.39595 -0.565019 -0.727786  0.599732 -0.391106  0.123207
628	 4.16935  6.97684 0.655666	 -0.68746  -0.15134  0.168139 -0.370447  -0.20573  0.875944   0.60202 -0.388255   0.49264  0.831591
668	6.41059 3.02895 1.57108	-0.566585  0.812114 -0.780023 -0.429643 -0.499277 -0.173557   0.15871 -0.497373 -0.879109 -0.548088
817	 6.42278  2.94831 0.961408	 -0.274231   0.523743   0.819922   0.592757   0.627347 -0.0786369  -0.628028   0.598301    0.61455   -0.91909
0	 6.80375 -2.11234   1.1324	   0.59688   0.823295  -0.604897  -0.329554   0.536459  -0.444451    0.10794 -0.0452059   0.257742  -0.270431
180	3.20605 7.70948 1.62369	-0.149279  -0.52725  -0.69325 -0.701603  0.118669 -0.999189 -0.124666 -0.152447 -0.161619 -0.242068
190	 3.08599  7.84101 0.217485	  0.380134   0.690649 -0.0789292   0.792111   0.488414   0.516982  0.0600868  -0.869873   0.368619   -0.49211
324	2.94858 7.80172 1.14706	0.0841597  0.359045  -0.71088 -0.429574  0.614228 0.0257161  0.422177 0.0942372  0.284679  0.363596
521	5.70895 5.46606 1.18111	-0.820211 -0.330187    0.6289  0.169044 -0.231841 0.0135528 -0.390455 -0.668401 -0.830113 -0.681391
630	 6.71774  3.65399 0.474571	-0.0398604 -0.0157242  -0.345779  -0.342176   0.656443 -0.0332394   0.506484  -0.175418   0.596314  -0.699246
778	 6.75147  1.22618 0.368636	-0.130899 -0.639431 -0.791487  0.728055 -0.534387 -0.883705 -0.385223   0.30321  -0.41933 -0.709572
809	 6.6293 1.84302 1.42277	 -0.25091 -0.909769 -0.957132 -0.276385 -0.538913  -0.19373  0.834641  0.788711 -0.242036 -0.217299
822	 1.64804  8.66424 0.377956	   0.74008  -0.224017   0.870749  -0.312672   0.283843  -0.832931   0.715486 0.00146544  -0.302383    0.20907
951	  6.6737   3.5688 0.645226	   0.17166  -0.836515  -0.121397   0.386527   0.220197 0.00337672  -0.998224      0.479  -0.172198  -0.665477
61	5.14564  5.5501 1.97208	 0.157225  0.472924  0.487454  0.845144 -0.807192  0.575285   0.89287 -0.797039 -0.450207 -0.521358
130	4.85245 6.92259 1.60983	 0.785443  0.260849   0.01511  0.994105  0.497101 -0.288984   0.96396 -0.910018 -0.472767 -0.530971
185	  7.05244 -0.533106   1.82375	0.0807773 -0.583649 -0.526938  0.331644 -0.266434   0.87263 -0.659558  0.891217 -0.216417 -0.144001
239	  2.816 8.08651 1.02497	-0.433357 -0.898067 -0.796529  0.180707  0.604524  0.159357  0.224304  0.264031  0.183293 -0.571254
244	6.86623 3.32011 1.01422	0.0431653 -0.895202  0.513693  0.624011 -0.858383  0.717789 -0.366397  0.305536  0.155797  0.253145
310	4.49569 6.94659 1.82958	 0.589489  0.178854 -0.651341 -0.814686  0.653497 -0.212735 -0.855611 -0.342811  0.796955 -0.619376
357	  6.7041  5.37462 0.114342	 0.367889 -0.232975  0.484243  0.430981  0.551726 -0.108414  0.324477  0.729628  0.439443  -0.23825
390	 6.91706  3.33629 0.177531	 0.321336 0.0155724  0.254602  -0.56322  0.335345   0.86228  0.298069  0.159584 -0.579669   0.43009
442	 7.06404 -2.21612 0.124803	-0.192771  0.606247 -0.693634 -0.378346  0.571451 -0.571722 -0.311828 -0.331648  -0.65471  0.143678
512	6.84034 1.29528 1.72887	-0.634193 0.0610135  0.746433  -0.34739  0.580688 -0.910602 -0.255151  0.208403 0.0479094 -0.447927
704	 4.4207 7.18291 1.13406	-0.381805  0.123618  0.381841  -0.17697 -0.510319   0.82752  0.555061 -0.942775 -0.503485  0.669169
994	 6.97602 -3.03899  1.71037	 -0.345534 -0.0621218  -0.969415  -0.540039  -0.308712   0.448221  -0.232275    0.48345   -0.18034  -0.289997
15	4.95606 6.66477 1.70151	   0.746543    0.662075    0.958868    0.487622    0.806733    0.967191    0.333761 -0.00548297   -0.672064    0.660024
79	7.07569 3.66197 1.14475	-0.227403 -0.719324 -0.146891  -0.79322  0.200811  0.935388 -0.781533  0.738179 -0.681351  0.605207
99	 7.29746 -3.44748  1.94379	-0.507049 -0.610105 -0.744515 -0.797753  0.169996 -0.879082 -0.834846 -0.715421  0.538149  0.979083
401	 7.02836  2.57165 0.532848	0.00207019   0.543219   0.280851  -0.486941  -0.577524   0.189369   0.647174   0.824618  -0.911852  -0.581235
487	4.88405 7.13333 1.60354	-0.831057  0.991676 -0.717482 -0.914122 0.0256946  0.635679  -0.34344 -0.901112  0.335089   -0.1979
605	 7.09407  2.52623 0.506778	  0.921483   0.479119  -0.389221   0.336127   0.177424  -0.393901 -0.0736098  -0.111088   0.875143   0.118245
87	 7.21568 0.915688 0.155001	 0.713652  0.819024 -0.226661  0.912222 -0.651729 -0.624614 -0.505664 -0.279671   0.83479   0.25576
418	 7.28657 0.738157 0.234633	 -0.920895 -0.0143145   0.299817  -0.641617   0.896507   0.764454   0.970399  -0.759259  -0.629835    0.61629
440	3.68768 8.14425 1.93041	-0.878088 -0.933482 0.0969003  0.917011 -0.544494  0.419336  0.728103  -0.19381  0.399848  -0.55173
542	0.70582 9.79576 1.13601	 -0.699816   0.202288  0.0652163  -0.421103 -0.0936326  0.0222374  -0.859195  -0.386759   0.515837  -0.179949
569	 3.30421  8.36394 0.984447	0.0139885 -0.709491  0.344344  0.231644 -0.212543  0.428689  0.428264 -0.548952  0.947083 -0.390259
632	   7.30159 -0.0215638  0.0567741	-0.0882902   0.201696  -0.299839  -0.722891  -0.561019   0.660301   0.261384  0.0932024  -0.681875  -0.082173
803	6.96792 4.52229 1.24925	-0.759037  0.987209  0.750335 -0.560071 -0.569532  0.217455 0.0943798  0.791583  -0.27677  0.679391
823	7.22955 3.44416 1.58081	0.0508676 -0.749369 0.0661669  0.733403  0.568444 -0.535874 0.0444659   0.93055 -0.468979 -0.029999
50	 7.31358  2.46389 0.874665	 0.849079 -0.631868 -0.435432 -0.665669 -0.594046   0.25225 -0.647522 -0.746662 -0.544896  0.893849
232	  7.27782   5.78462 0.0480969	  -0.11467  -0.350817   0.404875  -0.315297  -0.899491 -0.0523909    0.82812   0.731313  -0.953354 -0.0413691
517	4.65093 7.71681 1.46287	 -0.392342 -0.0411466  -0.824722   -0.50493   0.354429   0.129903 -0.0654435  -0.783899   0.693593  -0.470964
549	6.67746 6.62672 0.10569	 0.758305 -0.410291  0.886595  0.913585 -0.145246  0.286242 0.0399528  0.480044  0.392593  0.750649
582	   7.5215 -0.754326   1.21162	-0.0264319  -0.806796  -0.525327   0.974384   0.165895  0.0992548  -0.452846   0.214262   0.022279   0.736593
853	2.98761 8.75702 1.61216	-0.416059  0.864155 -0.617977 0.0149214  0.121378 -0.710813 -0.332326 -0.405625 -0.789046 -0.729104
71	6.25994 5.46602 1.88619	 0.180814  0.235164  0.527528  0.548865 -0.431421 -0.846493  0.760017 -0.654556 -0.642027 -0.280428
177	 7.78308 -2.04506  1.08552	 -0.717587  -0.140497  -0.501465   0.421614   0.126526   0.118498 -0.0175725  -0.599664   0.530116  -0.298198
191	 4.07841    8.155 0.547834	 -0.886262  -0.850989  -0.887078   0.743702 -0.0206882   -0.94269  -0.300574  0.0238575  -0.795043    0.60902
214	3.36351 8.68624 1.25871	  -0.71555  -0.534099  -0.691213  -0.146918   0.189664 -0.0762202   0.764484  -0.784523 -0.0549859  -0.447619
348	  7.65192 -0.770271  0.727575	   0.85717  0.0853071   -0.75142   0.230527   0.343604  -0.290332   0.169706  -0.685386 -0.0704218  -0.999179
408	1.12847 9.86205 1.71078	-0.387869  0.735636 -0.330823 -0.898037  0.166202  0.488817 -0.995179  0.467272  0.961482 -0.854677
439	 3.09502  8.82119 0.931956	  0.21007 -0.440443 -0.771311  0.248677  0.368363  0.701957 -0.356199  0.255983  0.100825 -0.172142
564	 7.53988  1.62676 0.852839	-0.631889  -0.14868   0.24385 -0.468834 -0.120378  0.500721 -0.465912 -0.957167 -0.767775  0.978964
619	  7.72875 -0.552731   1.35053	 0.024256  0.927912   0.36761 -0.955498 -0.945418 -0.592501 -0.776592  0.316644   0.55347 -0.315855
640	  3.1684  8.70259 0.498551	 0.021228  0.748425  0.899615  0.417868  0.161471 -0.369325  0.544621 -0.254505 -0.171559 -0.225329
711	  1.3349  9.68937 0.728875	 0.111423  0.221559 -0.955967  0.916003  0.943512  0.981186 -0.963091  0.962317 -0.997917  0.531366
839	 7.80937   -2.357 0.577944	 0.0018822  -0.219462  -0.828347  -0.864169  -0.211725  0.0753521 -0.0938888    0.27916   0.733188   0.114781
907	 3.17582  8.82162 0.472325	-0.741811 -0.931201   -0.8957  0.559219 -0.806746  -0.86264 -0.317569  0.670032 -0.244683 -0.643557
311	1.61631  9.8927 1.72508	 -0.463615   0.470062 -0.0750427   0.217714  -0.168603   0.360674   0.196063  -0.136165   0.144309  -0.993336
372	 7.88797 -2.28983  0.42179	-0.202965  0.887581 -0.019486 -0.533325  0.958634  0.614818 -0.650272 -0.993072 -0.402612   0.23255
411	 5.02844  7.82274 0.269444	 0.464326  0.927597  0.861715  0.970264  0.403908  -0.56554  0.858937 -0.298863 -0.827988 -0.041285
586	6.82757 6.31356 1.01559	 0.0187167  -0.954867   0.740344   0.218838  -0.310535    -0.1292  -0.717996  0.0859464 -0.0741768   0.739363
754	 7.92002 -1.78139   1.2215	0.0396359  0.446079 -0.307351 -0.980977  0.211523 -0.496387  0.825841  0.690852  0.306763 -0.330148
264	3.03735 9.27053 1.40403	 0.958104 -0.143936 -0.353787 -0.113578  0.220091  0.707998 -0.773275  0.904615 -0.851084  -0.82487
341	 7.85278  1.82953 0.505756	  -0.722288     0.11791     0.30695   -0.338545    0.284443   -0.383251   -0.817473   -0.673885    0.819384 -0.00643522
447	7.42423 5.01847 1.37541	 -0.364793  0.0422708  -0.943833  -0.783837   0.251046  -0.854671 -0.0592022   0.547509  -0.692115   0.615301
737	  8.00033 0.0514925  0.800736	-0.355171  0.119763  0.030104   0.57974 -0.776874  0.113401 -0.858381 0.0912749  0.510062 -0.160752
162	 8.10193 0.302402  1.39035	-0.594425  0.268688 0.0260472 -0.746842  0.114005 -0.975397  0.601416 -0.740525 -0.641723  0.168242
222	 7.93943  5.05723 0.126047	  -0.663549    0.948795   -0.913171   -0.458395    0.490343   -0.710418 -0.00764436    0.520445    0.393025   -0.477797
516	 5.37705  8.12072 0.707928	  0.163052  -0.589119  -0.796219  -0.826087  -0.149007   0.619725  -0.619639 -0.0248603  -0.834804  -0.548754
579	7.01217 6.52074 1.06546	-0.836834 -0.105862 -0.811195  0.013309  0.998884  0.521594 0.0422509  0.531147  0.221418  0.268636
749	 8.15754  1.80926 0.709834	-0.633416  0.235294  0.650902 -0.701771   0.53871 0.0101142  0.731754  0.141226 -0.270936  -0.17257
20	 8.41829  3.69513 0.612521	-0.485469 0.0648819 -0.824713 -0.479006  0.754768   0.37225  -0.81252 -0.777449 -0.276798  0.153381
407	8.20917 1.64807 0.42221	 -0.708016   0.952959  -0.912045   0.661734  -0.800893 -0.0453834   0.704121  -0.939105  -0.362943  -0.465606
427	 8.54744 0.322779  1.65466	  0.722535   0.901922   0.258614  -0.405867 -0.0975846   0.818708   0.221926  -0.723734  -0.657121   0.658118
445	7.43873 5.80956 1.58245	-0.910837 -0.275366 -0.703537 -0.837445 -0.325497  0.783999 -0.315782  0.125994 -0.480445  0.572218
740	   9.0343 -0.667731  0.871488	 0.413492  0.772475 -0.960793  0.620993 -0.112076  0.291664  0.679273 -0.457586  0.701523 -0.918115
213	 9.83501 0.561575  1.72045	  0.502878  -0.197387   -0.74945 -0.0440083 -0.0777877  -0.902722  -0.417655   0.746825    0.39853   0.143279
255	 9.48075  1.24828 0.678394	 -0.972883  -0.813268  -0.941921  -0.919315 -0.0175198    0.89152   0.181266   -0.31532  -0.139197   0.380191
550	 9.81419 0.256965 0.751863	  0.251305 -0.0969144  -0.686248   0.530083  -0.365836  -0.516823  -0.865022   0.192085 -0.0143605  -0.770673
556	 9.44497  2.30119 0.747304	 0.988399  0.996381 -0.299242  0.544166   0.93998 -0.216248  0.466553 -0.652842   0.91528  0.235605
730	 8.56493  5.05101 0.886501	 0.766776  0.396829  0.840847   0.82631  0.536854 -0.223963  -0.33946 -0.491219 -0.120748  0.987415
739	 9.57994  1.64619 0.465991	  0.996431   0.160294  -0.432962 0.00158036   0.759925   0.211867  -0.878657  -0.209971  -0.208392  -0.655531
765	8.82059  3.4497 1.39545	-0.977869 -0.175112  0.562752 -0.557891 -0.397598 -0.297596   0.55069 -0.193119  0.434501  0.946034
889	 9.10529  0.61666 0.226977	 -0.814609   0.220625   0.827527  -0.290175  -0.974819   0.424222 -0.0445509  -0.743708   0.741724   0.122347
270	9.77013 2.47345 0.38705	   -0.493988     0.447039    0.0731277    -0.709756 -0.000453234     0.169136     0.467936    -0.206432    -0.913555    -0.836435
383	8.50014 5.45002 1.09173	-0.683592 -0.328633 -0.998242 -0.677961  -0.73997 -0.133362  0.508531  0.524888  0.447511 -0.193618
813	 8.67352  5.91746 0.140556	  0.640506   0.926489  -0.324421  -0.817356   0.262349   -0.76219   0.808451  -0.738862 -0.0156565   0.145644
874	 9.39153  3.51147 0.599824	 -0.87658  0.255803 -0.697976  0.864108  0.262599  0.730135  0.711826 -0.667956  0.229621 -0.721258
96	8.79299  5.7653 0.88616	 0.453692 -0.388025  0.291288 -0.691717 -0.819741  0.568978  0.718883 -0.354611 -0.236795  0.734643
300	9.90597 4.72323 1.58788	-0.147008 -0.647242 -0.665643 -0.222325 -0.213665   0.79087  0.982304 -0.532886 -0.852502  0.031942
395	 9.38658   4.9229 0.148075	 -0.700252   0.116726  -0.935986   0.958906   0.900746   0.622397  0.0481548  -0.379435 -0.0840818 0.00169671
526	9.31003 4.81708 1.78335	-0.250017  0.957943 -0.319496 -0.821494 -0.234222  0.422569  0.925639  -0.92369 -0.550291  0.875723
590	9.77848 4.72017 1.63203	 -0.494789  -0.938953   0.676128   0.472358 -0.0331016  -0.572397  -0.447422   0.555506  -0.189567  -0.874997
865	 8.32795  5.96349 0.889723	  0.874235  -0.349473  -0.938437  -0.310667  -0.301642  -0.184956  -0.994585   0.597865   -0.76278 -0.0403678
436	 9.61697  6.58076 0.181848	 0.344748  0.867661  0.197901  0.674522 -0.854457  0.391434 -0.487835 -0.459693  0.900568 -0.322562
948	9.89249 6.62691  1.1536	-0.898265  0.175223 -0.912845  0.382518 -0.150465  0.296577  0.279144  0.431888   0.50429 -0.193395
391	   9.358  7.35138 0.271414	-0.855499 0.0387003  0.185084 -0.102917 -0.314605 -0.421262 -0.296043  0.320042 0.0895774 -0.965256
792	9.80576 7.71141 1.19086	-0.0182236   0.113555   0.471903   0.490836   -0.97706   0.727198   0.638644 -0.0326483   -0.51138   0.084008
133	9.91241 8.19371 1.54412	 -0.481526    -0.7116  -0.820782   0.375091  -0.902523  -0.759515  -0.565401  -0.457064 -0.0649414   0.356136
297	9.01918 6.14134 1.40813	  0.542774 -0.0962413   0.818657  -0.279616   0.133807   0.503108   0.760041   0.819276  -0.137606  -0.119566
975	 9.02399  7.59587 0.541986	 -0.796305   0.463621   0.727738 -0.0228438   0.708451  -0.126362  -0.844557   0.284826 -0.0158648  -0.304957
22	9.17274 8.37861 1.05949	 0.398151 -0.757714  0.371572 -0.232336  0.548547  0.886103  0.832546  0.723834 -0.592904  0.587314
241	9.37877 8.43674 1.34482	 0.257679  0.170461  0.609192 0.0663304  0.657976 -0.824166  0.168264  0.861447  0.356542 -0.227212
243	9.51615 9.22812 1.80372	  0.959332   0.574005   0.839737   0.803005   0.901597  0.0974165 -0.0265338   0.510789  -0.836253  -0.368558
515	9.06715 8.87413 1.20885	-0.0453756  -0.560514  -0.138328   -0.43631    0.59448   0.461981  -0.029654   0.205188  -0.628821   0.378047
982	 8.99701    8.874 0.591807	 0.524176 -0.402777  0.983052 -0.120448    0.2964  0.489502  0.674281 -0.141431  0.970697   0.19319
995	 9.02387  8.75512 0.978687	-0.949754  0.805714  0.564985  0.752124  0.990513 -0.639182  0.706414 -0.494721 -0.907374 -0.383232
248	8.48194 9.98824 1.75666	0.0464324   0.78026  0.565266  0.218137 0.0724853  0.172607 -0.978717 -0.948666 -0.888042  0.317319
992	8.85771 8.05495 1.50682	 0.417637 -0.692236 -0.207838  0.371439  0.942278 -0.581063 0.0558511  0.800654 -0.852141  0.930203
83	8.42809 8.57355 1.64138	 0.641851  0.936789 0.0175978 -0.990547 -0.623504 -0.425621  0.255036 -0.476228  0.497357 -0.927008
366	 8.5365 8.21687 1.70064	  0.42728  0.766342  0.202298 -0.741307 0.0591142 -0.694207 -0.957833 -0.276013 -0.315526  0.956222
712	  7.74488   7.75892 0.0669072	-0.047856  -0.70974  0.492367  0.772676 -0.597489 -0.547969 -0.728103 -0.195626  0.799444  -0.15969
426	8.73133 6.26759 1.29526	 0.947503  0.133863   0.86847  0.311761  0.836989 -0.239422  0.480078   0.35569 -0.869921 0.0566326
932	8.00415 8.38386 1.22267	 -0.110629  0.0354502   0.789648 -0.0388271  -0.146257   0.705765 -0.0442774  -0.935875  -0.249372   0.531873
349	8.17719 9.01875 1.88135	 0.635491 -0.262955  0.665369 -0.896815 -0.796279  0.066124   0.49033 -0.501568 -0.353841 -0.620982
361	7.83214 9.58188 1.27216	  0.832951   0.706334  -0.326239  -0.493665    0.69202   0.593586   0.257783   0.348116  -0.949126 -0.0479393
759	8.27252 8.09406 1.83343	0.0753695  0.583986  -0.88177 -0.850672 0.0494187  0.459938  0.893137  0.292039  0.437887 -0.334686
785	7.97654 8.38624 1.57845	-0.0772994  -0.103743  -0.510799   0.544046  -0.869112  -0.531945  -0.872697    0.65881  -0.659437   0.975683
914	 7.69351   9.6421 0.149466	  0.256892  0.0570115 -0.0382076   0.387208   0.326019   0.443698  -0.646448 -0.0914069   0.202881   0.825958
964	7.05355 8.57068 1.18221	 0.934499 -0.289684  0.214832  -0.23227 -0.853812 -0.989784  0.501704 -0.972296 -0.769179  0.691912
718	7.09828 9.89644 1.59984	-0.435442 0.0465599  0.884214  0.511159  0.832645  0.828317 -0.506857 -0.670916  0.669136  0.472827
831	 6.71069  7.97756 0.113047	 -0.103442   0.446212   0.705412   0.109605   0.353958  -0.875836 -0.0531377   0.578163  -0.704308 -0.0842655
592	 6.7837 8.85792 1.37043	 0.830188  0.973962  0.663063  0.302205 -0.842053 -0.831726  0.363252  0.834075  0.640631 -0.669849
714	7.10354 8.96717  1.9954	 0.712437  0.428083  0.772187  0.488329 -0.538463 -0.275669  0.778589  0.953903 -0.502993   -0.8189
392	 6.52132  8.89672 0.177463	   0.93989 -0.0675948  -0.397025   0.273519  -0.978829    0.92431  -0.710909   0.275772   -0.63891   0.624436
135	 6.30394  7.73473 0.941228	0.485805 0.455553 0.461855 0.305176 0.227615 0.980329 0.593576 0.406832  0.35542 0.691053
136	6.47318 7.90019 1.53202	-0.417624  0.146155  0.691266 -0.994755  0.374588  -0.62927  0.107849 -0.192919 -0.774024 -0.198928
723	  6.07797   8.45437 0.0712194	 0.128971 -0.929101  -0.02496  0.143289 -0.374555 -0.416394 -0.369567   0.71795   0.13021 -0.657725
376	6.31433 9.82549 1.54594	-0.688626 -0.858453   0.63331 -0.333017  0.641624    0.2139  0.307004 -0.069502  0.565506  -0.26387
379	6.76196 7.15993 1.77728	 0.241703 -0.547877  0.127767 0.0463963  0.597894 -0.303241 0.0489119 -0.231877  0.168065  0.256177
502	 6.05304  9.78098 0.650217	  0.298478   0.273232 -0.0210093   0.448418   0.836605 -0.0543368  -0.422476  -0.987725    0.21298  0.0862877
386	 5.04467  9.50373 0.541465	-0.0480225  -0.243244   0.302182   0.432484   0.988756  -0.113412  -0.456119  -0.656867  0.0728633  0.0542915
675	 4.9257 9.08642 1.49868	 -0.0972679    0.828181    0.731951    0.196139   -0.145513   -0.738751   -0.126487    0.814004 -0.00273544   -0.562518
779	 4.49121  9.66228 0.272349	  0.252393  -0.810886  -0.914333  -0.799374   0.599122  -0.532352   0.847985  -0.696094 0.00397849   0.445617
901	 4.27493   9.8291 0.881606	-0.689133  0.431354 -0.921705  0.811348  0.789375 -0.388443 -0.702053  0.364163 -0.117969 -0.576232
40	3.14402   9.906 1.74341	 -0.350917   0.748619   0.178313   0.275542   0.518647   0.550843    0.58982  -0.474431   0.208758 -0.0588716
872	6.01936 7.40689 1.98641	 0.428111  0.847718  0.069445  0.499486 -0.433084  0.781935 -0.485582 -0.286674 -0.850318 -0.929226
461	-3.19884   9.9098 0.516526	 -0.405248  -0.595234   0.994957 -0.0282801   0.118654 -0.0699838   0.432882   0.868181   0.853103  -0.614887
112	  9.86221 -0.523182  0.108069	0.00295949  -0.781826  -0.752061   -0.90727  -0.432166  -0.899473  -0.958272 -0.0410898  -0.219422   0.117047
279	  9.83794 -0.934827   1.56955	-0.465503 -0.356532  0.239241  0.217021 -0.123516  0.720435  0.371078 -0.836717   0.90324  0.409513
621	  9.06221 -0.424277    1.4398	  0.824422 -0.0906923  -0.947024  -0.230851   0.234043  0.0772321   -0.30294  -0.398348   0.121735  -0.248358
624	  8.71866 -0.911081   0.51421	-0.00639963    0.660534   -0.733744   -0.661257     0.72882   -0.171122   -0.631969    0.176289    0.743861    -0.60895
94	 8.48208 -1.45409  1.13657	 -0.72231    0.4106  -0.53487  0.194227  -0.98424  0.638203 -0.053909 0.0454577   0.58184  -0.74639
604	 9.81645 -2.62235  0.21954	 0.318233 -0.911661 -0.902517  0.509487 -0.652275 -0.812441   0.23456 0.0717087 0.0110886 -0.591692
608	 8.35329 -1.31899 0.688301	  0.710472   0.986346 -0.0553367   0.718451  -0.100825    0.67382   0.389862   0.793649   0.140742   0.951503
612	 8.86681 -1.77072  1.35308	-0.687846  0.491746  0.186826  0.327141  0.389794  0.991906 -0.890935  0.123171  0.665086  0.546839
996	 8.69677 -1.81871  1.52648	  0.24774  0.514616  0.460844  0.943842   0.65943  -0.88469  -0.11828  0.690014 -0.424729  0.573008
212	 9.38141 -4.31368 0.552474	-0.385007 -0.088598 0.0258124 -0.978766 -0.212103  0.734254  0.654536  0.351319 -0.960711  0.843623
289	 8.32755 -2.08935  1.48445	 0.878587 -0.488343  0.344356   0.95008 -0.844064  0.895788 -0.712365 -0.433216   0.99932 -0.314474
698	 8.22293 -2.71043 0.446117	 0.346829 -0.458656  0.423486   0.41353  0.468733  0.543114 -0.889143  -0.39619 -0.120481  -0.96802
753	 9.06145 -3.13941  1.42677	 0.584269  0.492711  0.216855 -0.947888 -0.740223  0.886141  0.118079 -0.157403  0.736354  0.538963
789	 8.51763 -2.90885  1.18623	 -0.672385  0.0151979    0.61662 -0.0239043    0.12962  -0.610402  -0.735357   0.041696 0.00120044   0.342414
969	   9.14815    -3.7616 0.00323284	  0.640871  0.0417306   0.977486  -0.131368   0.487326    0.18741   0.788304 -0.0957257   0.138754  -0.102886
46	 8.09563 -4.84829  1.04645	  0.927009  -0.336308  -0.195242   0.121569   0.108896   0.244333  -0.617945 -0.0440782   -0.27979    0.30776
207	  7.31853  -4.06339 0.0833206	-0.955659 -0.738041  0.999303  0.966078 -0.277763 -0.824436 -0.270611  0.533725 -0.593608 -0.772939
237	 7.15955 -3.85935  1.00518	-0.0441139  -0.956403   0.659507  -0.976064   0.204442    0.86307  -0.949382   0.181205   0.342271   0.153447
354	  8.28043  -4.34533 0.0717061	 0.317241 -0.239273  0.875429 -0.703231  0.454418   0.43287  0.655315 -0.135236  0.697479  0.229562
417	8.35634 -3.6231 1.02646	-0.802483   0.56043 0.0900091 -0.454776  0.249183  0.527064 -0.776395  0.379441 -0.700817  0.246688
421	 8.16659 -4.28709 0.745649	-0.813176  -0.81242 -0.182426 -0.737512  0.773984 -0.574423  0.289888  0.196021  -0.32873 -0.195941
91	 6.88226  -5.2913 0.331306	 0.478933   -0.0463 -0.815013 -0.073116  0.882486   0.76145  0.280197  -0.46716 -0.570518 -0.443991
188	 8.12328 -5.88023  1.59553	-0.404089  0.267976 -0.358287  0.851637  0.447803  0.277714 -0.553119 -0.233973 -0.294103 -0.666489
194	 6.70696 -4.52538  1.91901	 0.875653 -0.843518 -0.162151  0.783018 -0.665791 -0.672686 -0.140573  0.820535  0.600879 0.0445793
196	  6.9541 -4.70511  1.19076	 0.543446  0.465136 -0.924684 -0.909092   0.42464  0.950968  -0.75261 -0.737511  0.733986 -0.418401
347	 7.24695 -5.32306 0.933352	 0.400755  0.387145 -0.705289  0.580034 -0.111311 -0.781779  -0.93899  0.836682  0.549652  0.393835
394	7.17364 -5.3464 1.32468	-0.193058 -0.499895   0.98979 -0.303386  0.411373   0.92968  0.629019 -0.985652  0.203199   0.65019
562	  8.1743 -8.36944   1.9434	 -0.743129  -0.997078   0.163211  -0.268496   0.444876    0.12381  -0.798176 0.00589406 -0.0856862   0.490584
692	 7.33218 -6.93691  1.48841	 0.634768 -0.792136  0.880014  0.109396 -0.345832  0.214612 0.0733832  0.821755   -0.3496 -0.993717
733	 7.64786 -6.86636   1.7285	-0.355961 -0.699221  0.578572  0.136807  0.153338  -0.73716 -0.491592 -0.506446 -0.590849 -0.133977
742	   7.992 -6.59148  1.46626	-0.409192 -0.314678  0.636559  0.524035 -0.878934 0.0500507   0.29651 -0.839728 -0.328956 -0.815566
762	 8.05849 -7.68151 0.816329	 0.243736 -0.102837 -0.940863  0.828722  0.269166  0.871412 0.0165757  0.866641 -0.859927  0.479918
764	 6.98742  -5.7278 0.900174	-0.962546 -0.456655  0.255936 -0.730697   0.95151 -0.500328  0.166466 -0.989354 -0.671606 -0.564368
811	 7.45857 -4.57862 0.671719	   0.562232    0.625807 -0.00121057   -0.253467    0.337193     0.74788   -0.163236    0.380062   -0.528505    0.297851
860	   6.7983  -3.99192 0.0963844	  -0.779044   -0.881711    0.747622    0.545106   -0.847159    0.253389   -0.226343 -0.00634754   -0.863219   -0.499015
904	 6.78646 -6.01543  1.25795	-0.439323 -0.177775 -0.453454  0.571201  0.350108  0.109522   0.84981 -0.848933 -0.059393 -0.813364
16	 7.77897 -8.46011 0.598828	-0.503912  0.258959 -0.541726   0.40124 -0.366266 -0.342446 -0.537144 -0.851678  0.266144 -0.552687
257	 7.18483 -7.17898 0.179422	  0.949986  -0.201161  -0.141636  0.0748146  -0.861964  -0.114519   0.261546  -0.803885 -0.0338339  -0.755974
548	 6.89683 -7.21222  1.46216	 -0.830574  -0.395104  -0.442079  -0.497538  -0.905652  0.0589718  0.0461618  -0.560381 0.00842857  -0.793905
252	 5.72652 -5.78159  1.22575	 -0.424992 -0.0293251   0.689334  -0.153581    0.97247   0.884776  -0.106675   -0.17754  -0.920958  0.0619036
498	 6.12297 -6.99355 0.759315	-0.464751  0.413155  0.839367  0.865636 -0.667168  0.926598 -0.874221  0.912457  0.187283 -0.979814
152	 4.92149 -5.51673  1.95654	 0.0574107   0.463877  -0.622497  -0.587906   0.931765   -0.52355 -0.0997668   0.629589   0.790249   0.290906
204	 6.25803 -7.86217 0.385921	 -0.311689   0.797234  -0.478163   0.728032   0.995749 -0.0294869   -0.46624   0.244021  -0.687512   0.668298
273	 5.81978 -6.84101   1.9249	 0.668423 -0.520536 -0.558654  0.294066 -0.839669 -0.801367 -0.217189 -0.861724  0.908735  0.104774
482	 5.33234 -6.06682 0.626917	 0.507578  0.399546   0.24959  0.179945 -0.361838 -0.523488  0.236396 -0.244324  0.268875 -0.346252
62	 6.19485 -8.09914 0.986921	 -0.445573  -0.653399   0.875428   0.521724  -0.806637   0.962217   0.690546  -0.316921   0.384927 -0.0869716
261	 5.20274 -6.06563 0.937845	  0.866622    0.43434    0.98625  -0.314005  -0.191358   0.179258  -0.647641   0.901427  -0.345632 -0.0709891
56	 4.58795 -5.49529 0.943313	  0.26717 0.0763506 -0.966699  0.863036 -0.304908 -0.588572 0.0452573 -0.198029 -0.385663  0.359807
481	 5.19871 -6.82983 0.392682	-0.883443 -0.844865  0.374837 -0.562485 -0.300504 0.0849587 -0.188523 -0.837117 -0.426183  0.211366
69	 4.70623 -6.31949 0.666828	 -0.374021  -0.788847   0.776866  -0.795533 -0.0404457  -0.459359  -0.600552  -0.424527   0.315286   0.894002
444	 4.49751 -6.09985  1.51499	  0.584338   -0.92837   0.463901  -0.637274 0.00922883   -0.72887   0.968973   0.315595  -0.107216   0.540424
452	 4.14898 -5.49206  1.31007	 -0.914817    0.23517  -0.214989   0.696266   0.567056  -0.777128 -0.0773502    0.23045  -0.347165  -0.109672
468	 4.12127 -5.45459  1.50793	 0.493325 -0.286603 -0.492875   0.52588   0.16197  0.503695 -0.371551 -0.269725 -0.823443 -0.330788
791	 4.64636 -6.32866  1.29795	 0.699802 -0.618759 -0.797212 -0.591083  0.974358 -0.469598  0.424114  0.590978  0.506498 -0.446266
949	  5.5599 -7.85133 0.113424	 -0.875226  -0.384751  -0.741197   0.824425  -0.667253 -0.0763373   0.884951  -0.843831   0.354181  -0.646964
141	 5.45288 -8.12425  1.82255	 -0.296361   0.108194  -0.339128 -0.0301611  -0.164106   0.458997  -0.962888   -0.96496  -0.591629   0.674544
540	 4.97211 -7.21286  1.40816	 0.957021  0.561908  0.706874 -0.506401 -0.320754  0.965153  0.376592   0.89748 -0.924852  0.347951
673	   4.8129  -7.06594 0.0526125	 -0.470702   0.677374 -0.0404829  -0.263984   0.563969  0.0136186   0.394646  -0.505373  -0.414367  0.0999312
743	 4.51936 -6.49683 0.546304	  0.153459  -0.567799   0.871945   0.288267   0.695705  -0.269794  -0.458443 -0.0827979  -0.246913  -0.438148
374	 4.06281 -6.44392  1.00015	 0.580589 -0.359979  0.288874 -0.648393  0.429126 -0.914091 -0.760813  -0.59036 -0.447415 -0.802178
918	 3.01659 -4.45921 0.245439	-0.835121  0.169259   0.57995  0.177405 -0.359777 -0.774065 -0.586768  0.880537 -0.163871 -0.276208
