0
0
0
0
0
0
0
0
0
0
0
0
0
0
0
0
3.57628e-07
5.96046e-07
8.34465e-07
5.96046e-07
1.19209e-07
-2.38419e-07
-4.17233e-07
-4.76837e-07
-1.07288e-06
-3.57628e-07
5.96046e-08
0
-6.55651e-07
-1.43051e-06
-7.15256e-07
-1.19209e-07
-8.34465e-07
-3.57628e-07
-4.17233e-07
-1.13249e-06
1.19209e-07
2.38419e-06
7.7486e-07
1.19209e-07
1.54972e-06
2.02656e-06
1.84774e-06
1.60933e-06
1.78814e-06
1.60933e-06
2.02656e-06
2.02656e-06
1.78814e-06
1.07288e-06
1.78814e-06
2.5034e-06
2.563e-06
1.84774e-06
1.54972e-06
2.563e-06
2.6226e-06
3.03984e-06
3.03984e-06
2.38419e-06
2.563e-06
2.26498e-06
2.14577e-06
1.96695e-06
1.72853e-06
2.92063e-06
3.39746e-06
3.33786e-06
3.63588e-06
2.92063e-06
2.98023e-06
4.11272e-06
5.36442e-06
4.82798e-06
3.99351e-06
5.00679e-06
4.70877e-06
4.82798e-06
5.126e-06
5.72205e-06
5.90086e-06
5.78165e-06
4.88758e-06
3.93391e-06
4.17233e-06
4.52995e-06
5.48363e-06
5.54323e-06
4.70877e-06
3.75509e-06
4.23193e-06
5.66244e-06
6.19888e-06
6.61612e-06
5.72205e-06
5.126e-06
4.88758e-06
5.00679e-06
5.96046e-06
6.61612e-06
6.07967e-06
5.48363e-06
6.13928e-06
6.73532e-06
5.90086e-06
5.54323e-06
6.3777e-06
6.07967e-06
4.88758e-06
5.78165e-06
6.55651e-06
5.78165e-06
5.48363e-06
7.62939e-06
5.96046e-06
6.07967e-06
6.67572e-06
5.36442e-06
5.24521e-06
7.27177e-06
