1
0.999849
0.999894
0.999863
0.99993
0.99985
0.9999
0.999877
0.999803
0.999877
0.999863
0.999831
0.999826
0.999853
0.999855
0.999852
1.003
1.00721
1.00705
1.00778
1.00737
1.00748
1.00778
1.00145
0.999911
0.999899
0.999942
0.999913
0.999871
0.999873
0.999795
0.999781
0.999811
0.999768
0.999732
0.999711
0.999798
0.999701
0.999772
0.999679
0.999704
0.9997
0.999514
0.999796
0.999514
0.999561
0.999787
0.999727
0.999566
0.999511
0.999261
1.32311
1.32439
1.32821
1.33109
1.32887
1.0037
0.999955
0.999967
1.0002
0.999962
1.00004
1.00023
0.999965
1.00024
1.00002
1.00031
1.00025
1.00037
1.00054
1.00447
1.00771
1.00872
1.00828
1.00856
1.01784
inf
inf
inf
inf
inf
inf
inf
inf
0.998808
0.996534
0.996523
0.996361
0.996565
0.996294
0.996565
0.996537
0.996691
0.996878
0.99705
0.996996
0.99691
0.997574
0.996753
0.996378
0.995975
0.996066
0.99607
0.996401
0.997133
0.997185
0.997032
0.99708
0.995359
0.995201
0.994733
1.00147
1.00249
0.997831
0.989401
0.984645
0.983496
0.982738
0.982229
0.982274
