2.1433
2.14298
2.14307
2.14301
2.14315
2.14298
2.14309
2.14304
2.14288
2.14304
2.14301
2.14294
2.14293
2.14299
2.14299
2.14298
2.14973
2.15875
2.15842
2.15998
2.1591
2.15932
2.15997
2.1464
2.14311
2.14308
2.14317
2.14311
2.14302
2.14303
2.14286
2.14283
2.1429
2.1428
2.14273
2.14268
2.14287
2.14265
2.14282
2.14261
2.14266
2.14266
2.14226
2.14287
2.14226
2.14236
2.14283
2.14272
2.14237
2.14225
2.14172
2.83584
2.83852
2.84672
2.85301
2.84819
2.15122
2.1432
2.14323
2.14373
2.14323
2.14338
2.1438
2.14322
2.14381
2.14336
2.14395
2.14384
2.14408
2.14447
2.15289
2.15982
2.16199
2.16105
2.16166
2.18154
inf
inf
inf
inf
inf
inf
inf
inf
2.14076
2.13588
2.13586
2.1355
2.13594
2.13537
2.13593
2.13587
2.13621
2.13661
2.13699
2.13686
2.13668
2.1381
2.13632
2.13553
2.13468
2.13487
2.13488
2.13558
2.13716
2.13727
2.13694
2.13704
2.13334
2.13302
2.13201
2.14644
2.14863
2.13866
2.12058
2.11039
2.10793
2.1063
2.10521
2.10531
